22
18
14
26
10
13
17
27
8
23
19
31
32
21
7
12
4
33
11
28
5
16
24
37
38
2
9
1
39
15
34
0
6
29
44
43
3
45
20
40
35
49
50
51
25
46
41
55
56
57
30
52
47
61
62
63
36
58
53
67
68
42
69
64
59
73
74
48
75
70
65
79
80
54
81
76
71
85
86
60
87
82
77
91
92
66
93
88
83
97
98
72
99
94
89
78
103
104
84
95
105
100
90
101
109
110
96
111
106
102
107
115
116
108
117
112
113
114
121
122
123
118
119
120
128
127
129
124
125
126
133
134
135
130
131
132
139
140
141
136
137
138
145
146
147
142
143
144
151
152
153
148
149
150
157
158
159
154
155
156
163
164
165
160
161
162
169
170
