100
0 4
0 36
0 46
0 58
0 71
0 89
0 98
1 1
1 7
1 25
1 33
1 53
1 67
1 90
1 94
2 18
2 24
2 37
2 45
2 76
2 86
2 89
2 91
2 92
2 98
3 33
3 50
3 61
3 64
3 66
3 76
3 88
4 15
4 33
4 39
4 45
4 62
4 63
4 64
4 99
5 25
5 42
5 54
6 19
6 22
6 28
6 51
6 59
6 79
6 99
7 14
7 17
7 32
7 68
7 76
7 87
7 98
8 24
8 56
8 61
8 64
9 11
9 21
9 27
9 35
9 36
9 38
9 90
10 10
10 13
10 17
10 22
10 30
10 32
10 40
10 42
10 49
10 55
10 73
11 48
11 57
11 61
11 65
12 39
12 40
12 47
12 54
12 72
12 88
12 89
13 17
13 19
13 54
13 91
13 98
14 23
14 39
14 42
14 60
14 65
14 67
14 75
14 89
15 28
15 31
15 44
15 45
15 58
15 90
16 17
16 20
16 25
16 26
16 32
16 38
16 49
16 55
16 65
16 73
16 75
16 98
17 29
17 39
17 40
17 55
17 58
17 76
17 84
17 95
17 99
18 18
18 35
18 51
18 59
18 64
19 21
19 29
19 47
19 48
19 62
19 82
20 23
20 66
20 77
21 26
21 42
21 57
21 75
21 78
21 90
22 56
22 57
22 71
22 77
22 81
22 97
23 27
23 31
23 52
23 58
23 67
24 28
24 45
24 54
24 72
24 76
24 80
24 90
25 27
25 33
25 39
25 49
25 63
25 96
26 29
26 31
26 44
26 53
26 59
27 50
27 81
28 35
28 40
28 60
28 64
28 74
28 83
28 84
28 96
29 72
29 75
29 91
30 50
30 66
30 75
30 96
31 51
31 62
31 72
31 74
32 67
32 68
32 78
32 86
32 90
32 97
33 40
33 61
34 49
34 55
34 59
35 44
35 56
35 70
36 62
36 68
36 71
36 72
36 98
37 40
37 54
37 76
37 80
38 44
38 59
38 60
38 68
38 94
39 58
39 60
39 86
40 50
40 56
40 57
40 61
41 45
41 54
41 64
41 71
42 51
42 52
42 61
42 70
42 72
42 92
42 99
43 48
43 69
43 72
43 75
44 54
44 57
44 60
44 92
45 74
45 81
45 92
45 94
45 95
45 96
45 97
46 46
46 62
46 69
46 98
47 68
47 78
47 93
48 50
48 79
48 85
49 49
49 56
49 84
49 96
50 50
50 68
50 79
50 83
51 51
51 71
51 94
52 52
52 82
52 85
53 62
53 68
55 86
55 95
56 71
56 79
56 94
58 91
59 63
59 76
59 93
60 74
60 86
61 63
61 66
61 76
61 94
62 71
62 89
62 97
63 87
64 74
64 86
64 87
64 95
64 98
65 65
65 84
65 99
66 69
66 89
67 69
67 85
67 86
67 89
67 90
68 73
68 77
68 81
68 87
68 94
69 94
69 96
70 73
70 79
72 77
72 85
72 96
73 76
73 90
74 87
74 99
75 85
75 93
76 76
77 80
78 84
78 90
78 97
78 98
80 90
80 96
81 83
81 87
81 89
83 94
84 85
85 89
85 91
91 95
94 94
