500
0 46
0 89
0 221
0 242
0 273
0 286
0 288
0 327
0 355
0 358
0 360
0 405
0 454
1 102
1 131
1 159
1 271
1 289
1 326
1 329
1 392
1 456
1 463
1 468
1 476
2 21
2 98
2 179
2 214
2 231
2 266
2 303
2 363
2 373
2 428
2 487
2 492
2 499
3 25
3 93
3 170
3 245
3 264
3 298
3 362
3 465
4 13
4 86
4 92
4 186
4 318
4 439
4 444
4 468
5 5
5 55
5 71
5 146
5 170
5 193
5 455
6 17
6 27
6 124
6 174
6 258
6 388
6 410
6 485
6 488
6 491
7 93
7 168
7 178
7 259
7 336
7 402
7 435
8 280
8 292
8 308
8 354
8 380
8 443
8 490
8 494
9 56
9 194
9 280
9 288
9 348
9 395
10 84
10 128
10 221
10 241
10 242
10 336
11 12
11 33
11 69
11 151
11 246
11 300
11 348
11 384
11 401
11 423
11 439
11 477
11 480
12 12
12 55
12 101
12 179
12 197
12 222
12 252
12 344
12 376
12 434
12 490
12 497
13 24
13 31
13 39
13 114
13 206
13 219
13 262
13 357
13 451
14 118
14 120
14 189
14 214
14 275
14 364
15 24
15 201
15 387
16 44
16 174
16 180
16 205
16 253
16 260
16 373
16 402
16 455
16 461
17 42
17 112
17 139
17 152
17 155
17 256
17 312
17 350
17 398
17 421
17 433
17 474
18 209
18 294
18 301
18 315
18 331
18 455
19 39
19 59
19 93
19 116
19 221
19 336
19 354
19 373
19 379
19 439
19 454
20 25
20 83
20 97
20 145
20 191
20 223
20 312
20 317
20 358
20 395
20 442
20 460
20 480
20 499
21 34
21 42
21 81
21 168
21 196
21 257
21 298
21 299
21 319
21 323
21 326
22 55
22 107
22 124
22 164
22 307
22 312
22 318
22 446
22 478
23 89
23 96
23 118
23 142
23 206
23 234
23 277
23 345
23 366
23 368
23 479
24 186
24 230
24 235
24 273
24 302
24 357
24 427
24 455
25 74
25 93
25 133
25 158
25 165
25 185
25 189
25 224
25 225
25 286
25 305
25 317
25 342
25 345
25 350
25 424
26 31
26 193
26 212
26 360
27 63
27 164
27 188
27 193
27 196
27 218
27 266
27 283
27 369
27 389
27 441
27 485
28 69
28 178
28 259
28 294
28 358
28 361
28 402
28 417
29 170
29 174
29 181
29 342
29 379
29 485
30 42
30 83
30 133
30 156
30 172
30 179
30 182
30 258
30 260
30 272
30 429
30 437
30 439
30 461
31 35
31 131
31 156
31 207
31 216
31 309
31 333
31 436
31 481
31 488
32 42
32 114
32 146
32 153
32 193
32 244
32 304
32 336
32 349
32 364
32 398
33 91
33 118
33 211
33 240
33 306
33 375
33 381
34 71
34 73
34 104
34 111
34 113
34 118
34 214
34 237
34 283
34 307
34 347
34 353
34 441
34 464
35 194
35 203
35 333
35 397
35 484
35 491
36 38
36 41
36 54
36 183
36 211
36 234
36 246
36 270
36 411
36 440
37 109
37 126
37 150
37 156
37 165
37 232
37 357
37 430
37 480
38 117
38 130
38 132
38 179
38 193
38 194
38 294
38 350
38 422
39 235
39 294
39 304
39 325
39 404
39 438
39 447
39 454
39 493
40 65
40 93
40 96
40 117
40 189
40 202
40 270
40 292
40 359
40 421
40 429
40 498
41 53
41 62
41 94
41 183
41 210
41 368
41 414
41 419
42 207
42 336
42 347
42 373
42 456
43 119
43 141
43 172
43 207
43 274
43 276
43 305
43 329
43 361
43 384
43 388
44 274
44 289
44 327
44 330
44 414
45 70
45 77
45 81
45 158
45 169
45 230
45 341
45 369
45 452
45 464
45 468
46 52
46 60
46 81
46 121
46 130
46 168
46 436
46 474
47 89
47 174
47 207
47 223
47 234
47 253
47 445
47 480
48 110
48 115
48 204
48 238
48 241
48 323
48 326
48 350
49 81
49 240
49 250
49 280
49 339
49 421
49 439
49 467
50 153
50 154
50 168
50 180
50 197
50 210
50 273
50 450
50 489
50 495
51 64
51 148
51 204
51 332
51 354
51 372
51 409
51 420
51 459
51 476
51 488
52 70
52 109
52 123
52 157
52 158
52 173
52 239
52 260
52 264
52 347
52 369
53 107
53 120
53 139
53 155
53 228
53 274
53 369
53 409
53 437
53 464
53 474
54 63
54 194
54 231
54 258
54 283
54 363
54 399
54 467
55 86
55 355
55 397
55 421
55 453
55 468
55 491
56 60
56 69
56 83
56 109
56 158
56 218
56 335
56 453
56 455
56 478
57 161
57 247
57 263
57 447
57 457
57 469
58 97
58 180
58 187
58 215
58 221
58 312
58 337
58 360
58 386
58 399
58 421
58 437
58 453
58 480
59 122
59 195
59 239
59 310
60 71
60 112
60 135
60 161
60 171
60 233
60 247
60 269
60 316
60 443
60 448
61 64
61 75
61 113
61 173
61 203
61 268
61 364
61 381
62 81
62 125
62 149
62 315
62 460
63 74
63 183
63 240
63 262
63 408
64 82
64 104
64 115
64 152
64 281
64 335
64 469
64 497
65 72
65 101
65 108
65 169
65 282
65 294
65 328
65 346
65 367
65 422
65 463
66 83
66 133
66 158
66 160
66 240
66 311
66 370
66 391
66 419
66 474
67 104
67 192
67 217
67 270
67 302
67 353
67 425
68 68
68 75
68 126
68 189
68 196
68 243
68 273
68 307
68 321
69 78
69 192
69 276
69 287
69 336
69 386
69 441
69 469
69 472
70 211
70 270
70 283
70 309
70 364
70 384
70 410
70 466
71 168
71 256
71 283
71 460
71 499
72 153
72 167
72 206
72 207
72 318
72 352
72 365
72 380
72 382
72 473
72 494
72 499
73 157
73 173
73 220
73 242
73 379
73 415
73 470
74 131
74 170
74 259
74 266
75 90
75 93
75 207
75 261
75 302
75 347
75 358
75 387
75 425
75 453
75 477
76 88
76 236
76 237
76 291
76 325
76 332
76 361
76 376
76 406
76 441
76 450
77 125
77 237
77 262
77 282
77 352
77 478
77 481
78 103
78 292
78 399
78 425
78 455
78 465
78 477
78 498
79 90
79 103
79 123
79 324
79 406
79 413
79 492
80 86
80 89
80 97
80 168
80 256
80 343
80 354
80 367
80 398
80 402
80 489
81 88
81 150
81 153
81 174
81 255
81 312
81 410
81 454
82 126
82 142
82 214
82 217
82 237
82 238
82 254
82 272
82 306
82 367
83 153
83 204
83 240
83 272
83 282
83 286
83 300
83 324
83 350
83 385
83 487
84 133
84 165
84 215
84 255
84 382
84 397
84 414
84 441
84 462
85 148
85 181
85 300
85 354
85 408
85 414
86 156
86 174
86 373
86 472
87 133
87 178
87 407
87 453
88 94
88 104
88 186
88 188
88 204
88 291
88 297
88 335
88 354
88 374
88 433
88 456
89 177
89 198
89 219
89 228
89 269
89 280
89 328
89 375
89 391
89 461
89 464
89 478
90 128
90 177
90 243
90 311
90 355
90 388
90 397
90 480
91 114
91 204
91 346
92 101
92 174
92 184
92 198
92 257
92 290
92 294
92 384
93 119
93 318
93 373
93 457
94 115
94 138
94 144
94 191
94 204
94 213
94 253
94 269
94 401
94 416
94 472
94 487
94 495
95 238
95 256
95 325
95 447
96 111
96 157
96 165
96 167
96 186
96 243
96 296
96 333
96 362
96 410
96 499
97 117
97 156
97 199
97 280
97 305
97 370
97 470
97 482
97 484
98 116
98 121
98 131
98 189
98 207
98 212
98 316
98 326
98 340
98 359
98 360
99 240
99 357
99 363
99 393
99 437
99 478
100 190
100 272
100 314
100 338
100 498
101 102
101 137
101 153
101 179
101 194
101 299
101 319
101 355
101 471
101 474
102 140
102 221
102 244
102 278
102 279
102 365
102 389
102 461
102 469
102 471
102 482
103 135
103 164
103 228
103 231
103 256
103 267
103 278
103 360
103 384
103 472
104 137
104 245
104 337
104 338
104 372
104 429
105 108
105 152
105 201
105 202
105 234
105 343
105 358
105 410
105 421
105 440
105 444
105 453
105 478
106 138
106 155
106 286
106 341
106 350
106 357
106 457
106 477
106 482
107 143
107 245
107 393
107 426
107 431
107 433
107 443
108 110
108 145
108 232
108 362
108 366
108 367
108 419
109 157
109 176
109 178
109 190
109 201
109 205
109 297
109 333
109 410
109 474
110 167
110 173
110 190
110 215
110 217
110 252
110 316
110 326
111 155
111 220
111 236
111 269
111 314
111 387
112 126
112 259
112 270
112 357
112 418
112 441
112 444
112 472
113 234
113 376
113 450
113 465
113 490
114 136
114 178
114 477
115 250
115 258
115 269
115 328
115 339
115 400
115 448
116 121
116 237
116 267
116 282
116 324
116 377
117 138
117 230
117 252
117 298
117 307
117 394
118 223
118 324
118 330
118 399
118 401
118 420
118 450
119 144
119 180
119 241
119 289
119 402
120 164
120 187
120 198
120 315
120 498
121 210
121 227
121 312
121 411
121 437
121 457
121 472
121 493
122 128
122 149
122 196
122 289
122 292
122 340
122 393
122 394
122 471
122 482
123 224
123 270
123 370
123 390
123 396
124 272
124 316
124 318
124 322
124 365
124 387
125 188
125 199
125 258
125 381
125 492
126 277
126 346
126 361
126 390
126 429
126 487
127 164
127 187
127 354
127 382
127 408
128 149
128 205
128 212
128 214
128 248
128 320
128 370
128 405
128 449
128 474
129 155
129 194
129 201
129 238
129 285
129 327
129 354
129 378
129 416
129 479
129 491
130 185
130 191
130 209
130 265
130 284
130 325
130 382
130 391
131 139
131 172
131 223
131 243
131 257
131 260
131 273
131 389
131 482
132 154
132 231
132 243
132 266
132 326
132 466
133 170
133 227
133 427
133 487
134 151
134 193
134 320
134 331
134 360
134 476
135 138
135 146
135 218
135 314
135 445
135 471
136 158
136 297
136 340
136 378
136 404
136 467
137 162
137 211
137 228
137 256
137 306
137 322
137 379
137 490
138 178
138 191
138 203
138 250
138 270
138 310
138 372
139 163
139 172
139 281
139 309
139 375
139 428
139 483
139 484
139 495
140 143
140 146
140 207
140 241
140 310
140 354
140 375
140 380
140 400
140 417
140 422
141 163
141 193
141 275
141 353
141 362
141 385
141 416
142 155
142 344
142 359
142 376
142 392
142 418
143 150
143 175
143 237
143 269
143 274
143 278
143 468
143 499
144 173
144 292
144 346
144 379
144 403
144 446
144 465
145 165
145 253
145 275
145 301
145 304
145 337
145 389
146 154
146 199
146 319
146 353
146 410
146 422
146 434
146 478
147 185
147 187
147 232
147 288
147 374
147 408
147 454
147 475
147 477
148 160
148 212
148 282
148 332
148 422
148 454
149 205
149 279
149 381
149 441
149 465
149 477
149 486
150 315
150 327
150 362
150 403
151 177
151 182
151 249
151 270
151 286
151 316
151 347
151 375
151 394
152 176
152 209
152 222
152 255
152 261
152 286
152 469
152 482
153 174
153 211
153 219
153 223
153 229
153 231
153 240
153 265
153 400
153 402
154 299
154 468
155 161
155 163
155 169
155 184
155 186
155 406
155 449
155 457
155 464
156 202
156 250
156 366
156 389
156 402
156 419
156 455
157 190
157 230
157 245
157 353
157 455
158 255
158 262
158 321
158 352
158 357
158 419
158 425
159 184
159 188
159 321
159 378
159 477
160 231
160 265
160 314
160 358
160 455
160 470
160 473
160 494
161 171
161 180
161 203
161 309
161 350
161 383
161 444
162 236
162 322
162 360
162 385
162 477
162 482
163 216
163 228
163 245
163 264
163 361
163 377
163 424
163 436
164 182
164 266
164 282
164 404
164 450
164 459
165 167
165 210
165 217
165 228
165 239
165 247
165 265
165 347
165 381
165 388
165 477
166 224
166 225
166 261
166 271
166 294
166 299
166 496
167 171
167 248
167 258
167 294
167 362
167 364
167 384
167 435
167 499
168 168
168 212
168 305
168 341
168 363
168 420
169 212
169 250
169 256
169 322
169 323
169 344
169 392
169 473
169 487
169 491
170 198
170 209
170 225
170 280
170 316
170 335
170 399
170 410
170 416
170 486
170 496
171 173
171 175
171 257
172 177
172 336
172 385
172 464
172 494
173 180
173 194
173 372
173 479
174 220
174 263
174 278
174 303
174 305
174 413
175 263
175 275
175 285
175 310
175 318
175 351
175 379
175 383
175 420
175 422
175 487
176 193
176 396
176 482
176 490
177 338
177 379
177 387
177 407
177 446
177 472
178 188
178 269
178 270
178 334
178 431
178 449
178 465
178 486
178 492
179 209
179 213
179 298
179 393
179 397
179 450
179 462
180 297
180 307
180 325
180 330
180 358
180 443
180 445
180 456
181 207
181 235
181 288
181 363
181 461
182 195
182 203
182 304
182 318
182 384
182 397
182 448
183 208
183 389
183 443
183 449
183 459
183 497
184 274
184 284
184 322
184 327
184 440
185 268
185 269
185 291
185 318
185 400
185 432
185 459
185 480
186 231
186 383
186 384
186 415
186 472
186 489
187 213
187 395
188 194
188 238
188 295
188 301
188 318
188 334
188 463
188 467
188 470
188 480
189 385
189 401
190 224
190 238
190 301
190 302
190 332
190 345
191 192
191 210
191 262
191 315
191 396
191 466
192 205
192 214
192 266
192 418
192 421
192 483
193 208
193 209
193 217
193 320
193 494
194 379
194 425
194 426
194 436
194 463
195 240
195 252
195 257
195 295
195 337
195 488
196 473
197 201
197 214
197 219
197 322
197 383
198 229
198 252
198 253
198 350
198 428
199 292
199 316
199 365
199 484
200 353
200 387
201 263
201 278
201 292
201 333
201 386
201 400
201 477
202 261
202 279
202 319
202 365
202 373
202 409
202 450
203 252
203 279
203 308
204 215
204 246
204 248
204 339
204 383
204 408
204 488
204 494
205 288
205 375
205 397
205 408
205 419
206 239
206 316
206 356
206 422
206 430
206 448
207 223
207 274
207 275
207 320
207 372
207 417
207 438
207 484
207 494
208 215
208 246
208 300
208 301
208 322
208 369
208 397
208 415
209 227
209 248
209 261
209 262
209 304
209 354
210 227
210 237
210 249
210 276
210 355
210 364
210 399
210 488
211 218
211 234
211 265
211 309
211 345
211 354
211 360
211 372
211 499
212 224
212 249
212 299
212 475
213 224
213 227
213 240
213 273
213 333
213 443
214 340
214 349
214 372
214 452
215 311
215 338
215 468
216 219
216 378
216 405
216 410
216 428
216 436
217 218
217 311
217 329
217 339
217 346
217 371
217 383
217 412
217 435
217 449
217 475
217 482
217 493
218 221
218 224
218 248
218 297
218 344
218 360
218 395
218 408
218 482
218 490
219 293
219 316
219 382
219 395
220 241
220 250
220 266
220 412
220 447
220 464
221 228
221 310
221 373
221 381
221 412
221 439
221 466
221 485
222 305
222 307
222 341
222 347
222 356
222 380
222 489
223 277
223 366
223 411
223 420
223 455
224 228
224 280
224 318
224 336
224 433
225 255
225 281
225 372
225 406
225 488
226 269
226 276
226 283
226 310
226 339
226 394
226 451
227 271
227 329
227 399
227 413
227 429
228 279
228 324
228 450
228 458
228 459
228 489
229 289
229 293
229 323
229 327
229 404
229 425
229 468
230 306
230 335
230 360
230 424
231 241
231 244
231 300
231 319
231 368
231 386
231 489
232 259
232 274
232 293
232 331
232 353
232 405
232 477
233 257
233 304
233 334
233 391
233 417
233 425
233 438
233 467
234 284
234 342
234 352
234 354
234 383
234 391
234 465
234 482
235 241
235 245
235 272
235 297
235 349
235 351
235 363
235 405
235 490
236 243
236 304
236 312
236 376
236 398
236 414
236 426
236 429
236 484
237 390
238 244
238 273
238 285
238 291
238 306
238 333
238 369
238 484
238 494
239 329
239 374
239 390
239 432
239 495
240 294
240 369
240 372
240 436
240 456
240 469
241 464
241 494
242 350
242 369
242 460
242 480
242 490
243 322
243 342
243 413
243 436
243 446
244 293
244 319
244 351
244 354
245 256
245 328
245 466
246 384
246 400
246 459
247 309
247 346
247 435
247 495
248 326
248 373
248 409
248 436
248 460
249 268
249 275
249 300
249 379
249 467
249 472
250 304
250 306
250 359
250 384
251 468
251 483
251 497
252 286
252 399
252 416
252 494
253 291
253 299
253 315
253 363
253 364
253 400
253 407
254 345
254 347
254 352
254 355
254 446
254 485
255 309
255 342
255 392
255 421
255 477
255 491
256 277
256 359
256 400
256 407
256 408
256 413
257 280
257 291
257 358
257 394
257 405
257 420
258 388
258 478
259 380
259 418
260 260
260 316
260 370
260 381
260 436
261 314
261 315
261 357
261 489
262 277
262 331
262 455
262 474
262 483
263 288
263 297
264 278
264 279
264 296
265 325
265 343
265 397
265 465
265 473
266 320
266 337
266 372
266 461
267 291
267 302
267 359
267 364
267 367
267 376
267 410
267 440
267 448
267 492
267 493
268 279
268 288
268 316
268 347
268 350
268 451
269 276
269 308
269 379
269 495
270 280
270 291
270 313
270 334
270 343
270 422
271 287
271 288
271 467
271 468
272 305
272 455
273 278
273 295
273 326
273 403
273 407
273 492
275 300
275 495
276 291
276 456
277 315
277 331
277 391
277 451
277 486
278 288
278 430
278 437
278 449
278 455
279 329
279 363
279 372
279 376
279 389
279 416
279 424
279 451
279 454
279 485
280 332
280 447
281 405
281 412
281 461
282 408
282 412
282 439
283 311
283 386
283 417
283 491
284 323
284 383
285 317
285 351
285 407
285 429
285 467
285 485
286 319
286 330
286 357
286 400
286 425
286 460
286 494
287 426
287 489
288 367
288 392
288 426
289 296
289 334
289 443
289 452
290 349
290 401
291 306
291 412
291 482
292 346
292 349
292 376
292 453
293 340
293 384
293 448
293 460
293 497
294 347
294 485
294 495
295 386
296 307
296 314
297 305
297 353
297 379
297 451
297 473
298 299
298 380
298 409
298 456
299 411
299 419
300 311
300 318
300 389
300 469
301 304
301 344
301 372
301 375
301 424
301 439
302 442
302 479
303 352
303 468
303 490
304 327
304 353
304 367
304 406
304 426
304 429
304 460
305 438
306 494
307 307
307 357
307 402
307 423
307 445
307 460
308 442
308 450
309 431
309 469
310 310
310 390
310 409
310 414
310 416
310 452
311 339
311 363
311 390
311 402
311 413
311 435
311 455
311 467
311 478
312 377
312 431
312 475
312 479
312 486
313 328
313 387
313 392
313 407
313 461
313 463
313 487
314 382
314 406
314 409
314 425
314 454
314 457
315 380
315 405
315 430
315 435
315 456
316 338
316 436
316 450
316 466
318 361
318 424
318 430
318 453
319 340
319 356
319 437
319 455
319 458
319 480
320 493
321 355
321 385
321 451
322 349
323 363
323 398
323 453
323 459
323 492
324 325
324 378
324 426
324 446
324 453
324 457
324 466
324 475
324 491
325 382
325 448
326 342
326 359
326 364
326 371
326 393
326 402
326 481
327 346
327 474
327 476
328 433
329 340
329 399
329 419
329 445
329 467
329 496
330 338
330 357
330 382
331 427
331 429
331 453
332 404
332 449
332 482
333 363
333 390
333 415
333 441
333 442
333 457
333 463
333 486
334 340
334 341
334 434
334 439
334 451
335 336
335 358
335 362
336 381
336 400
336 468
336 494
337 365
337 400
337 443
337 451
337 463
337 478
337 485
338 357
338 385
338 405
338 495
339 368
339 383
339 415
339 491
340 395
340 488
341 357
341 454
341 459
341 466
342 390
342 434
342 446
342 492
343 406
343 420
343 435
344 355
344 407
344 425
344 457
345 399
345 408
345 444
345 455
345 492
346 371
346 409
346 498
347 426
348 375
348 479
349 438
349 468
350 352
350 400
352 447
353 372
353 390
353 459
353 490
354 362
354 371
354 389
354 473
355 366
355 396
355 464
355 489
357 394
357 459
358 400
358 487
359 370
359 413
360 403
360 427
360 444
361 420
361 484
362 415
363 445
363 465
364 477
365 389
365 448
365 467
366 376
366 388
367 386
367 399
367 408
367 412
367 468
368 396
368 409
368 413
368 420
368 463
369 429
369 447
369 451
369 492
370 395
370 439
370 499
371 428
371 433
371 452
371 466
371 475
372 381
373 494
373 497
374 392
374 407
374 472
375 474
376 428
376 450
376 466
377 419
377 490
378 379
378 439
378 481
379 385
379 424
379 440
380 394
381 385
382 390
384 410
384 438
384 499
385 393
385 408
385 457
387 390
387 392
387 452
387 498
388 447
388 477
389 439
390 459
391 429
391 492
393 394
394 409
394 414
394 444
395 413
395 460
395 471
395 486
397 413
397 416
397 438
397 486
398 414
398 467
398 475
400 441
401 415
401 419
401 477
402 444
403 422
403 443
403 470
403 486
404 422
404 433
406 488
407 482
408 411
408 495
409 440
409 451
409 464
409 486
409 495
411 450
411 479
411 487
412 489
413 423
413 472
415 416
415 417
415 429
415 443
416 427
416 455
416 487
417 437
418 427
418 454
418 463
418 479
418 484
420 459
420 468
420 482
422 462
422 471
425 451
425 470
425 486
425 495
427 443
428 479
428 495
432 447
432 458
435 446
435 479
436 485
436 493
437 462
438 475
439 475
439 498
440 496
441 455
441 471
441 473
443 468
444 472
444 474
444 482
445 458
447 448
449 465
451 456
451 475
451 485
452 455
452 495
453 480
453 489
454 482
454 492
455 476
456 490
458 465
458 469
458 484
460 487
465 465
465 482
467 492
468 495
469 475
470 485
472 476
472 496
473 488
476 482
478 482
480 491
486 496
