500
0 5
0 8
0 13
0 37
0 47
0 53
0 59
0 72
0 90
0 99
0 101
0 107
0 110
0 125
0 133
0 153
0 167
0 176
0 190
0 194
0 216
0 221
0 222
0 226
0 235
0 243
0 274
0 284
0 287
0 289
0 290
0 295
0 296
0 301
0 328
0 345
0 349
0 356
0 359
0 361
0 362
0 364
0 371
0 383
0 406
0 415
0 424
0 426
0 430
0 432
0 436
0 453
0 454
0 455
0 470
0 489
0 490
0 494
1 11
1 13
1 17
1 30
1 36
1 42
1 50
1 101
1 104
1 110
1 116
1 117
1 118
1 124
1 133
1 141
1 161
1 175
1 181
1 189
1 192
1 207
1 212
1 218
1 225
1 243
1 251
1 262
1 273
1 291
1 323
1 328
1 329
1 331
1 363
1 369
1 379
1 383
1 385
1 393
1 394
1 396
1 415
1 421
1 426
1 448
1 458
1 461
1 463
1 465
1 470
1 478
1 480
1 488
1 490
1 497
2 6
2 24
2 32
2 34
2 44
2 88
2 89
2 97
2 101
2 105
2 119
2 148
2 167
2 168
2 175
2 182
2 200
2 205
2 207
2 216
2 217
2 232
2 234
2 269
2 292
2 306
2 313
2 317
2 324
2 340
2 343
2 354
2 361
2 366
2 368
2 376
2 377
2 390
2 414
2 417
2 423
2 427
2 430
2 431
2 442
2 444
2 465
2 476
2 487
2 490
2 495
2 496
3 6
3 12
3 23
3 29
3 39
3 47
3 49
3 64
3 72
3 86
3 96
3 97
3 112
3 115
3 133
3 141
3 150
3 152
3 156
3 157
3 174
3 183
3 190
3 198
3 203
3 209
3 215
3 216
3 241
3 249
3 259
3 267
3 268
3 282
3 302
3 307
3 323
3 327
3 362
3 366
3 377
3 385
3 398
3 405
3 408
3 415
3 421
3 434
3 436
3 454
3 457
3 469
3 475
3 486
4 18
4 19
4 33
4 39
4 43
4 53
4 59
4 66
4 70
4 86
4 91
4 97
4 104
4 106
4 117
4 143
4 160
4 169
4 177
4 187
4 191
4 195
4 196
4 205
4 217
4 223
4 229
4 239
4 240
4 247
4 249
4 253
4 260
4 286
4 293
4 295
4 308
4 317
4 323
4 361
4 387
4 418
4 444
4 449
4 469
4 473
4 483
4 492
4 493
5 11
5 34
5 58
5 61
5 77
5 91
5 106
5 122
5 131
5 152
5 176
5 187
5 192
5 197
5 199
5 260
5 261
5 271
5 279
5 283
5 285
5 290
5 300
5 307
5 321
5 373
5 375
5 379
5 381
5 385
5 434
5 435
5 447
5 448
5 460
5 461
5 467
6 24
6 30
6 33
6 34
6 35
6 45
6 60
6 65
6 73
6 77
6 79
6 90
6 93
6 99
6 101
6 105
6 131
6 146
6 147
6 155
6 168
6 181
6 206
6 208
6 220
6 234
6 237
6 258
6 264
6 265
6 266
6 269
6 304
6 310
6 312
6 315
6 321
6 331
6 338
6 353
6 355
6 370
6 376
6 377
6 386
6 395
6 397
6 417
6 424
6 430
6 451
6 454
6 457
6 465
6 492
6 495
6 498
7 28
7 38
7 51
7 66
7 75
7 80
7 82
7 93
7 95
7 96
7 97
7 98
7 99
7 101
7 117
7 124
7 130
7 135
7 145
7 153
7 162
7 176
7 186
7 193
7 201
7 210
7 215
7 234
7 239
7 245
7 260
7 267
7 285
7 286
7 295
7 305
7 307
7 311
7 329
7 340
7 344
7 361
7 381
7 390
7 399
7 404
7 410
7 414
7 428
7 431
7 437
7 440
7 442
7 443
7 459
7 467
7 473
7 490
8 40
8 53
8 62
8 72
8 91
8 100
8 115
8 120
8 128
8 138
8 143
8 200
8 225
8 238
8 239
8 251
8 263
8 268
8 289
8 301
8 308
8 317
8 320
8 330
8 339
8 348
8 363
8 364
8 371
8 373
8 381
8 389
8 416
8 437
8 439
8 451
8 452
8 458
8 460
8 463
8 465
8 478
8 484
8 491
8 499
9 13
9 33
9 46
9 62
9 63
9 66
9 67
9 75
9 82
9 84
9 86
9 90
9 93
9 96
9 103
9 110
9 134
9 136
9 143
9 149
9 165
9 172
9 175
9 176
9 204
9 207
9 212
9 223
9 230
9 244
9 245
9 267
9 279
9 290
9 298
9 303
9 305
9 332
9 358
9 364
9 371
9 372
9 405
9 411
9 417
9 418
9 421
9 423
9 463
9 470
9 479
9 489
9 491
10 36
10 47
10 75
10 95
10 102
10 137
10 139
10 142
10 148
10 166
10 173
10 198
10 217
10 232
10 237
10 252
10 253
10 272
10 288
10 296
10 297
10 309
10 317
10 336
10 337
10 347
10 359
10 374
10 384
10 417
10 424
10 454
10 465
10 470
11 19
11 20
11 24
11 29
11 33
11 35
11 45
11 52
11 67
11 81
11 87
11 109
11 112
11 114
11 122
11 132
11 146
11 156
11 163
11 165
11 177
11 188
11 191
11 194
11 215
11 226
11 234
11 235
11 244
11 250
11 258
11 297
11 308
11 312
11 315
11 340
11 341
11 355
11 356
11 360
11 365
11 369
11 370
11 391
11 396
11 413
11 416
11 419
11 435
11 441
11 451
11 470
11 472
11 474
11 475
11 483
11 489
11 492
12 15
12 17
12 25
12 35
12 45
12 50
12 65
12 68
12 72
12 73
12 87
12 114
12 127
12 174
12 186
12 190
12 192
12 194
12 201
12 202
12 205
12 208
12 210
12 217
12 221
12 235
12 248
12 258
12 259
12 260
12 265
12 270
12 273
12 276
12 302
12 320
12 344
12 357
12 389
12 393
12 396
12 397
12 402
12 419
12 439
12 447
12 459
12 461
12 470
12 480
13 17
13 24
13 38
13 45
13 47
13 52
13 53
13 62
13 97
13 99
13 102
13 104
13 110
13 123
13 128
13 135
13 140
13 143
13 158
13 162
13 165
13 179
13 185
13 186
13 193
13 212
13 220
13 233
13 234
13 243
13 252
13 264
13 270
13 273
13 276
13 288
13 289
13 294
13 299
13 339
13 345
13 358
13 359
13 368
13 370
13 371
13 377
13 379
13 384
13 386
13 388
13 393
13 417
13 432
13 435
13 439
13 443
13 445
13 449
13 455
13 465
13 469
13 472
13 480
14 16
14 23
14 24
14 28
14 36
14 40
14 49
14 53
14 57
14 64
14 77
14 84
14 94
14 123
14 133
14 135
14 156
14 176
14 193
14 201
14 204
14 207
14 229
14 232
14 235
14 236
14 265
14 283
14 290
14 315
14 317
14 328
14 340
14 343
14 345
14 379
14 380
14 388
14 389
14 419
14 436
14 461
14 464
14 468
14 469
14 476
15 40
15 64
15 72
15 77
15 87
15 95
15 97
15 113
15 114
15 145
15 146
15 173
15 194
15 198
15 202
15 213
15 217
15 225
15 240
15 271
15 280
15 309
15 310
15 337
15 344
15 357
15 366
15 376
15 380
15 396
15 399
15 403
15 454
15 459
15 465
15 482
15 491
15 492
15 499
16 28
16 52
16 61
16 67
16 69
16 78
16 82
16 89
16 99
16 103
16 105
16 108
16 110
16 112
16 129
16 134
16 142
16 152
16 157
16 177
16 186
16 187
16 191
16 197
16 209
16 217
16 222
16 229
16 239
16 244
16 269
16 270
16 271
16 277
16 309
16 317
16 330
16 332
16 349
16 355
16 386
16 390
16 399
16 419
16 434
16 464
16 472
16 473
16 478
16 484
16 486
17 20
17 25
17 52
17 54
17 60
17 82
17 97
17 113
17 117
17 118
17 130
17 157
17 170
17 171
17 173
17 177
17 181
17 183
17 187
17 199
17 202
17 219
17 236
17 241
17 243
17 246
17 261
17 262
17 272
17 274
17 277
17 278
17 293
17 308
17 314
17 316
17 330
17 368
17 379
17 395
17 404
17 405
17 412
17 416
17 420
17 439
17 451
17 462
17 463
17 472
17 484
17 489
17 492
17 495
18 73
18 92
18 93
18 97
18 103
18 152
18 165
18 170
18 173
18 191
18 195
18 207
18 215
18 228
18 267
18 313
18 320
18 325
18 326
18 331
18 334
18 348
18 350
18 351
18 358
18 364
18 398
18 402
18 403
18 404
18 416
18 421
18 438
18 443
18 444
18 447
18 454
18 461
18 462
18 464
18 474
18 484
19 21
19 25
19 26
19 37
19 52
19 59
19 64
19 79
19 96
19 103
19 113
19 128
19 135
19 136
19 140
19 147
19 160
19 168
19 206
19 208
19 241
19 256
19 265
19 266
19 277
19 290
19 311
19 317
19 345
19 353
19 356
19 374
19 375
19 376
19 393
19 394
19 396
19 399
19 404
19 406
19 411
19 438
19 450
19 459
19 460
19 473
19 474
19 479
19 482
19 494
20 42
20 46
20 47
20 54
20 63
20 72
20 78
20 84
20 95
20 102
20 104
20 118
20 131
20 146
20 148
20 149
20 154
20 166
20 170
20 184
20 200
20 212
20 215
20 218
20 226
20 228
20 244
20 249
20 251
20 253
20 267
20 276
20 285
20 290
20 293
20 333
20 338
20 368
20 372
20 379
20 381
20 388
20 396
20 400
20 414
20 416
20 418
20 421
20 430
20 440
20 449
20 452
20 463
20 470
20 481
20 485
20 489
20 490
20 492
21 23
21 42
21 45
21 56
21 64
21 84
21 91
21 102
21 103
21 112
21 131
21 134
21 154
21 163
21 175
21 179
21 190
21 210
21 218
21 221
21 246
21 266
21 279
21 285
21 315
21 320
21 321
21 333
21 341
21 345
21 348
21 354
21 409
21 421
21 431
21 436
21 473
21 486
21 487
21 489
21 495
21 497
21 498
22 36
22 42
22 61
22 78
22 88
22 92
22 106
22 109
22 118
22 130
22 131
22 147
22 160
22 161
22 163
22 182
22 187
22 194
22 199
22 204
22 208
22 214
22 216
22 220
22 221
22 223
22 231
22 234
22 253
22 274
22 279
22 280
22 303
22 312
22 330
22 332
22 335
22 339
22 341
22 361
22 371
22 397
22 415
22 418
22 424
22 429
22 435
22 437
22 455
22 469
22 474
22 476
22 478
23 25
23 32
23 38
23 47
23 49
23 54
23 75
23 81
23 113
23 114
23 120
23 126
23 130
23 132
23 136
23 142
23 158
23 166
23 177
23 185
23 189
23 207
23 221
23 230
23 237
23 257
23 258
23 289
23 301
23 308
23 319
23 327
23 335
23 337
23 339
23 342
23 348
23 359
23 369
23 372
23 373
23 384
23 390
23 392
23 393
23 407
23 413
23 426
23 430
23 470
24 28
24 38
24 88
24 125
24 182
24 203
24 205
24 211
24 216
24 230
24 236
24 248
24 253
24 255
24 257
24 260
24 281
24 285
24 298
24 314
24 322
24 327
24 343
24 369
24 371
24 382
24 386
24 388
24 410
24 435
24 439
24 452
24 457
24 480
24 495
25 37
25 54
25 57
25 63
25 66
25 75
25 79
25 84
25 100
25 114
25 119
25 137
25 144
25 152
25 159
25 163
25 184
25 187
25 190
25 191
25 194
25 204
25 207
25 211
25 215
25 243
25 250
25 251
25 279
25 282
25 293
25 312
25 328
25 331
25 343
25 368
25 371
25 376
25 391
25 397
25 415
25 417
25 450
25 455
25 469
25 477
25 478
25 481
25 490
26 30
26 37
26 58
26 81
26 100
26 105
26 108
26 123
26 172
26 175
26 178
26 202
26 210
26 216
26 220
26 239
26 245
26 263
26 274
26 290
26 301
26 312
26 324
26 328
26 329
26 337
26 339
26 355
26 361
26 376
26 377
26 387
26 394
26 406
26 446
26 463
26 471
26 486
26 489
27 38
27 74
27 82
27 91
27 117
27 126
27 130
27 134
27 135
27 149
27 172
27 192
27 216
27 220
27 221
27 224
27 234
27 241
27 246
27 265
27 286
27 294
27 301
27 303
27 306
27 311
27 341
27 363
27 366
27 370
27 388
27 397
27 410
27 413
27 417
27 423
27 431
27 433
27 435
27 469
27 478
28 41
28 42
28 45
28 53
28 80
28 81
28 83
28 98
28 124
28 138
28 172
28 181
28 185
28 194
28 195
28 207
28 211
28 219
28 245
28 253
28 260
28 280
28 281
28 284
28 288
28 291
28 303
28 309
28 310
28 322
28 323
28 327
28 347
28 350
28 378
28 387
28 390
28 402
28 431
28 434
28 437
28 446
28 454
28 458
28 463
28 467
28 478
28 494
29 35
29 42
29 51
29 54
29 60
29 68
29 86
29 109
29 110
29 151
29 156
29 189
29 195
29 200
29 204
29 211
29 213
29 232
29 237
29 239
29 242
29 264
29 268
29 271
29 275
29 287
29 311
29 329
29 342
29 372
29 374
29 393
29 402
29 406
29 408
29 409
29 416
29 429
29 451
29 452
29 457
30 44
30 46
30 73
30 85
30 87
30 91
30 100
30 109
30 114
30 147
30 164
30 168
30 169
30 179
30 187
30 200
30 203
30 209
30 210
30 213
30 236
30 248
30 251
30 289
30 291
30 292
30 303
30 307
30 329
30 331
30 336
30 338
30 344
30 346
30 352
30 357
30 358
30 360
30 376
30 404
30 428
30 436
30 441
30 447
30 459
30 460
30 468
30 470
30 485
30 490
30 492
30 493
31 35
31 37
31 45
31 58
31 67
31 69
31 84
31 89
31 120
31 121
31 122
31 124
31 128
31 143
31 158
31 163
31 174
31 188
31 207
31 222
31 223
31 233
31 239
31 247
31 248
31 265
31 267
31 272
31 281
31 282
31 306
31 307
31 319
31 339
31 341
31 342
31 343
31 347
31 348
31 349
31 350
31 365
31 375
31 398
31 400
31 418
31 420
31 426
31 430
31 437
31 440
31 442
31 444
31 460
31 468
31 471
31 488
31 491
32 46
32 53
32 54
32 62
32 75
32 78
32 88
32 89
32 122
32 126
32 142
32 143
32 147
32 152
32 154
32 155
32 156
32 173
32 179
32 186
32 193
32 194
32 198
32 204
32 205
32 217
32 221
32 226
32 228
32 232
32 234
32 237
32 274
32 277
32 318
32 320
32 324
32 328
32 336
32 337
32 341
32 361
32 369
32 370
32 382
32 394
32 397
32 400
32 401
32 405
32 413
32 423
32 431
32 435
32 437
32 444
32 450
32 455
32 465
33 54
33 56
33 61
33 66
33 76
33 79
33 125
33 138
33 140
33 152
33 157
33 170
33 172
33 181
33 183
33 233
33 244
33 245
33 254
33 274
33 279
33 287
33 298
33 300
33 307
33 312
33 325
33 340
33 343
33 346
33 377
33 392
33 406
33 409
33 415
33 417
33 423
33 430
33 431
33 442
33 448
33 451
33 456
33 472
33 473
33 479
33 487
33 495
34 35
34 54
34 58
34 77
34 104
34 106
34 108
34 109
34 115
34 139
34 146
34 148
34 149
34 153
34 160
34 178
34 189
34 190
34 197
34 206
34 207
34 210
34 212
34 215
34 222
34 223
34 235
34 243
34 249
34 263
34 272
34 273
34 285
34 304
34 308
34 318
34 342
34 349
34 354
34 382
34 387
34 388
34 392
34 440
34 447
34 456
34 476
34 486
34 499
35 72
35 87
35 97
35 103
35 118
35 138
35 142
35 144
35 155
35 168
35 185
35 214
35 222
35 230
35 239
35 273
35 278
35 289
35 302
35 308
35 332
35 336
35 345
35 354
35 369
35 391
35 393
35 396
35 409
35 411
35 412
35 433
35 454
35 497
36 57
36 64
36 66
36 74
36 75
36 78
36 79
36 82
36 87
36 91
36 96
36 104
36 123
36 126
36 141
36 148
36 155
36 169
36 174
36 185
36 220
36 248
36 251
36 260
36 265
36 271
36 283
36 307
36 311
36 314
36 316
36 318
36 353
36 357
36 372
36 377
36 413
36 423
36 425
36 442
36 448
36 459
36 460
36 462
36 465
36 477
36 498
37 41
37 54
37 60
37 65
37 75
37 76
37 100
37 110
37 118
37 123
37 135
37 147
37 153
37 164
37 173
37 188
37 194
37 203
37 214
37 225
37 227
37 229
37 241
37 251
37 270
37 283
37 297
37 315
37 324
37 331
37 342
37 347
37 352
37 368
37 379
37 389
37 395
37 410
37 411
37 418
37 429
37 431
37 433
37 450
37 458
37 468
37 491
38 47
38 57
38 98
38 100
38 104
38 108
38 110
38 111
38 134
38 155
38 156
38 168
38 169
38 171
38 200
38 201
38 204
38 212
38 218
38 232
38 233
38 238
38 253
38 261
38 282
38 287
38 307
38 313
38 314
38 333
38 357
38 359
38 367
38 370
38 389
38 396
38 425
38 449
38 452
38 461
38 470
39 46
39 48
39 64
39 72
39 103
39 137
39 157
39 158
39 162
39 195
39 228
39 233
39 259
39 260
39 268
39 275
39 279
39 294
39 301
39 308
39 310
39 311
39 327
39 334
39 340
39 344
39 347
39 365
39 374
39 390
39 393
39 411
39 429
39 444
39 470
39 478
39 487
39 493
39 494
40 46
40 52
40 59
40 72
40 74
40 100
40 106
40 112
40 115
40 118
40 119
40 121
40 134
40 136
40 137
40 139
40 158
40 169
40 196
40 197
40 207
40 222
40 229
40 230
40 233
40 241
40 243
40 257
40 263
40 287
40 306
40 307
40 311
40 318
40 326
40 333
40 366
40 375
40 379
40 400
40 435
40 440
40 447
40 453
40 462
40 468
40 470
40 490
41 68
41 69
41 81
41 91
41 95
41 100
41 101
41 103
41 104
41 111
41 117
41 136
41 140
41 143
41 155
41 157
41 167
41 201
41 203
41 210
41 217
41 225
41 252
41 267
41 320
41 331
41 355
41 356
41 379
41 385
41 388
41 393
41 398
41 410
41 420
41 449
41 456
41 461
41 476
41 488
41 489
41 493
42 48
42 60
42 82
42 90
42 93
42 94
42 116
42 119
42 140
42 168
42 179
42 224
42 233
42 243
42 250
42 252
42 278
42 301
42 315
42 328
42 342
42 364
42 379
42 390
42 407
42 416
42 424
42 434
42 435
42 436
42 439
42 458
42 481
42 484
42 491
42 496
42 498
42 499
43 58
43 63
43 75
43 92
43 106
43 107
43 120
43 127
43 163
43 185
43 186
43 195
43 216
43 224
43 251
43 281
43 288
43 317
43 318
43 320
43 326
43 328
43 345
43 348
43 349
43 351
43 366
43 373
43 374
43 376
43 377
43 378
43 381
43 387
43 391
43 396
43 399
43 405
43 408
43 410
43 428
43 429
43 432
43 448
43 452
43 468
43 474
43 496
43 497
44 56
44 63
44 76
44 79
44 81
44 85
44 100
44 101
44 122
44 137
44 139
44 154
44 164
44 183
44 188
44 215
44 227
44 251
44 259
44 277
44 307
44 319
44 320
44 323
44 328
44 334
44 357
44 359
44 364
44 372
44 375
44 377
44 388
44 405
44 407
44 445
44 448
44 459
44 483
44 488
44 492
45 56
45 63
45 70
45 97
45 108
45 116
45 122
45 123
45 127
45 134
45 136
45 143
45 146
45 165
45 192
45 194
45 204
45 213
45 215
45 235
45 236
45 244
45 247
45 256
45 259
45 260
45 263
45 276
45 279
45 285
45 290
45 308
45 324
45 342
45 350
45 363
45 365
45 387
45 394
45 401
45 402
45 411
45 415
45 424
45 441
45 466
45 474
45 479
45 486
45 494
45 498
46 57
46 61
46 63
46 64
46 65
46 66
46 73
46 76
46 87
46 99
46 107
46 110
46 125
46 128
46 133
46 155
46 160
46 168
46 177
46 181
46 182
46 194
46 203
46 207
46 215
46 220
46 266
46 280
46 289
46 290
46 313
46 318
46 323
46 336
46 353
46 356
46 357
46 362
46 363
46 364
46 371
46 395
46 403
46 404
46 409
46 416
46 427
46 432
46 436
46 446
46 452
46 461
46 472
46 476
46 483
46 495
46 496
47 48
47 69
47 70
47 83
47 94
47 99
47 112
47 137
47 152
47 175
47 176
47 207
47 215
47 222
47 227
47 230
47 235
47 243
47 255
47 262
47 271
47 275
47 277
47 280
47 282
47 291
47 301
47 331
47 349
47 361
47 362
47 385
47 388
47 389
47 395
47 396
47 454
47 455
47 463
47 485
47 493
48 54
48 59
48 62
48 69
48 70
48 77
48 88
48 128
48 159
48 164
48 167
48 171
48 203
48 212
48 247
48 253
48 255
48 263
48 270
48 272
48 285
48 286
48 287
48 289
48 290
48 291
48 304
48 308
48 315
48 328
48 333
48 353
48 372
48 375
48 386
48 399
48 404
48 434
48 447
48 448
48 450
48 454
48 470
48 492
48 499
49 58
49 68
49 81
49 103
49 131
49 134
49 159
49 167
49 180
49 186
49 228
49 236
49 244
49 248
49 268
49 290
49 296
49 298
49 300
49 311
49 316
49 322
49 330
49 334
49 344
49 347
49 356
49 367
49 369
49 389
49 391
49 394
49 411
49 412
49 417
49 418
49 419
49 456
49 459
49 465
49 471
49 472
49 489
49 493
50 54
50 68
50 104
50 110
50 146
50 150
50 165
50 179
50 183
50 202
50 204
50 205
50 206
50 219
50 225
50 227
50 229
50 231
50 240
50 245
50 246
50 248
50 261
50 265
50 270
50 280
50 281
50 286
50 298
50 304
50 308
50 316
50 318
50 319
50 324
50 353
50 362
50 368
50 372
50 377
50 387
50 399
50 402
50 424
50 430
50 432
50 480
51 53
51 71
51 86
51 92
51 98
51 99
51 104
51 116
51 117
51 129
51 136
51 159
51 171
51 183
51 190
51 200
51 209
51 227
51 229
51 237
51 245
51 254
51 256
51 327
51 331
51 358
51 362
51 379
51 381
51 384
51 390
51 399
51 403
51 406
51 410
51 411
51 424
51 445
51 458
51 461
51 465
51 472
51 479
52 58
52 64
52 75
52 81
52 93
52 120
52 123
52 125
52 129
52 136
52 151
52 152
52 159
52 162
52 174
52 176
52 198
52 207
52 209
52 210
52 211
52 222
52 226
52 229
52 235
52 247
52 270
52 285
52 292
52 293
52 300
52 313
52 317
52 324
52 333
52 334
52 357
52 362
52 368
52 371
52 372
52 381
52 387
52 393
52 395
52 400
52 412
52 422
52 427
52 448
52 450
52 484
52 493
53 56
53 65
53 73
53 86
53 90
53 96
53 98
53 119
53 134
53 152
53 161
53 173
53 174
53 175
53 177
53 186
53 193
53 202
53 209
53 210
53 213
53 257
53 273
53 282
53 283
53 295
53 301
53 306
53 308
53 312
53 315
53 325
53 327
53 328
53 334
53 341
53 343
53 348
53 362
53 381
53 387
53 395
53 423
53 427
53 429
53 462
53 463
53 471
53 475
53 491
53 492
53 495
54 62
54 67
54 69
54 73
54 83
54 85
54 92
54 108
54 109
54 113
54 118
54 121
54 134
54 165
54 200
54 201
54 222
54 237
54 249
54 257
54 260
54 262
54 274
54 286
54 287
54 292
54 297
54 300
54 305
54 313
54 320
54 329
54 338
54 346
54 348
54 360
54 375
54 379
54 381
54 383
54 400
54 418
54 440
54 441
54 454
54 474
54 483
54 490
55 69
55 70
55 78
55 93
55 95
55 97
55 101
55 102
55 103
55 135
55 142
55 156
55 162
55 181
55 185
55 192
55 223
55 260
55 279
55 295
55 300
55 327
55 333
55 361
55 368
55 375
55 377
55 378
55 389
55 411
55 420
55 428
55 437
55 442
55 443
55 453
55 477
56 66
56 79
56 81
56 90
56 103
56 104
56 108
56 117
56 124
56 126
56 128
56 133
56 140
56 146
56 150
56 165
56 166
56 176
56 204
56 215
56 217
56 228
56 230
56 234
56 239
56 249
56 250
56 251
56 262
56 263
56 265
56 269
56 273
56 274
56 275
56 279
56 283
56 326
56 351
56 352
56 361
56 375
56 379
56 382
56 383
56 392
56 394
56 399
56 407
56 409
56 433
56 456
56 497
56 499
57 68
57 70
57 84
57 92
57 93
57 101
57 113
57 166
57 183
57 188
57 190
57 196
57 197
57 214
57 219
57 248
57 252
57 258
57 280
57 290
57 303
57 305
57 321
57 342
57 345
57 377
57 399
57 413
57 419
57 437
57 445
57 466
57 480
57 486
58 64
58 67
58 69
58 74
58 84
58 86
58 88
58 92
58 119
58 136
58 144
58 156
58 167
58 174
58 180
58 189
58 207
58 209
58 222
58 225
58 229
58 239
58 246
58 251
58 257
58 272
58 274
58 280
58 285
58 296
58 300
58 303
58 306
58 307
58 332
58 342
58 344
58 345
58 359
58 363
58 368
58 371
58 373
58 380
58 396
58 399
58 406
58 409
58 419
58 429
58 438
58 442
58 445
58 458
58 460
58 466
58 469
58 480
58 485
58 494
58 496
58 497
59 69
59 72
59 81
59 99
59 119
59 151
59 159
59 168
59 176
59 182
59 206
59 207
59 209
59 217
59 229
59 244
59 251
59 255
59 256
59 261
59 270
59 274
59 283
59 297
59 299
59 318
59 326
59 327
59 341
59 343
59 354
59 357
59 362
59 370
59 379
59 390
59 400
59 410
59 426
59 442
59 448
59 466
59 467
59 476
59 481
59 490
59 491
60 65
60 67
60 73
60 79
60 83
60 96
60 107
60 118
60 124
60 127
60 132
60 140
60 151
60 164
60 170
60 173
60 175
60 185
60 196
60 222
60 232
60 241
60 253
60 272
60 294
60 296
60 304
60 308
60 329
60 330
60 334
60 342
60 350
60 354
60 377
60 398
60 404
60 421
60 426
60 441
60 448
60 449
60 460
60 467
60 468
60 472
61 65
61 66
61 71
61 89
61 126
61 137
61 139
61 157
61 175
61 185
61 211
61 227
61 235
61 246
61 257
61 265
61 330
61 336
61 390
61 395
61 406
61 419
61 422
61 425
61 426
61 427
61 443
61 446
61 451
61 490
62 89
62 94
62 103
62 107
62 144
62 146
62 166
62 188
62 194
62 212
62 235
62 236
62 261
62 263
62 266
62 273
62 274
62 281
62 295
62 309
62 336
62 349
62 360
62 377
62 378
62 383
62 402
62 412
62 422
62 433
62 437
62 439
62 443
62 450
62 458
62 478
62 479
62 489
63 80
63 87
63 92
63 109
63 113
63 118
63 121
63 128
63 138
63 188
63 192
63 193
63 200
63 247
63 273
63 289
63 292
63 304
63 318
63 326
63 336
63 350
63 355
63 358
63 370
63 409
63 419
63 434
63 436
63 442
63 445
63 460
63 472
63 480
64 67
64 72
64 76
64 89
64 94
64 142
64 147
64 168
64 169
64 180
64 188
64 190
64 203
64 205
64 217
64 226
64 228
64 239
64 254
64 285
64 329
64 346
64 348
64 367
64 393
64 397
64 400
64 406
64 407
64 414
64 433
64 442
64 443
64 452
64 473
64 482
64 488
65 67
65 82
65 100
65 101
65 107
65 108
65 128
65 133
65 138
65 166
65 167
65 174
65 181
65 209
65 212
65 232
65 235
65 253
65 259
65 289
65 302
65 310
65 318
65 348
65 349
65 353
65 360
65 394
65 395
65 411
65 412
65 433
65 441
65 444
65 460
65 488
65 492
66 67
66 70
66 73
66 88
66 95
66 96
66 106
66 108
66 124
66 127
66 138
66 145
66 148
66 150
66 151
66 162
66 167
66 172
66 192
66 200
66 203
66 204
66 211
66 221
66 225
66 227
66 230
66 239
66 293
66 302
66 307
66 331
66 339
66 342
66 348
66 352
66 356
66 369
66 378
66 389
66 394
66 403
66 408
66 420
66 437
66 442
66 458
66 459
66 468
66 474
66 486
66 489
67 68
67 81
67 87
67 109
67 112
67 119
67 120
67 142
67 152
67 158
67 172
67 182
67 207
67 230
67 235
67 237
67 255
67 257
67 260
67 261
67 266
67 285
67 288
67 289
67 307
67 317
67 322
67 326
67 338
67 346
67 364
67 370
67 371
67 387
67 393
67 397
67 404
67 418
67 420
67 421
67 424
67 449
67 455
67 457
67 491
67 493
67 497
67 498
68 73
68 85
68 119
68 132
68 137
68 142
68 144
68 145
68 162
68 179
68 192
68 195
68 207
68 209
68 210
68 211
68 213
68 215
68 233
68 236
68 258
68 261
68 265
68 266
68 283
68 309
68 310
68 312
68 323
68 325
68 327
68 342
68 344
68 347
68 352
68 357
68 365
68 376
68 389
68 390
68 396
68 443
68 451
68 477
68 484
69 74
69 81
69 82
69 83
69 85
69 88
69 94
69 117
69 137
69 148
69 178
69 190
69 206
69 226
69 233
69 241
69 242
69 262
69 298
69 302
69 304
69 317
69 346
69 357
69 379
69 383
69 397
69 406
69 430
69 454
69 456
69 463
69 464
69 481
70 76
70 82
70 99
70 100
70 110
70 113
70 160
70 171
70 185
70 201
70 206
70 207
70 218
70 221
70 224
70 239
70 254
70 256
70 268
70 277
70 282
70 290
70 315
70 326
70 328
70 334
70 340
70 341
70 346
70 353
70 354
70 357
70 373
70 380
70 413
70 416
70 426
70 435
70 455
70 481
70 495
71 96
71 98
71 100
71 109
71 110
71 125
71 126
71 132
71 134
71 144
71 146
71 162
71 187
71 194
71 199
71 213
71 222
71 227
71 240
71 256
71 265
71 284
71 287
71 288
71 289
71 297
71 299
71 306
71 328
71 335
71 336
71 344
71 355
71 370
71 374
71 416
71 428
71 448
71 449
71 466
71 471
71 479
71 482
71 491
71 498
72 78
72 88
72 92
72 105
72 116
72 135
72 144
72 156
72 170
72 171
72 177
72 205
72 226
72 227
72 240
72 245
72 260
72 274
72 279
72 280
72 284
72 287
72 296
72 301
72 323
72 330
72 342
72 349
72 358
72 381
72 391
72 400
72 402
72 406
72 418
72 425
72 427
72 430
72 432
72 438
72 453
72 455
72 456
72 467
72 472
72 480
73 120
73 141
73 146
73 147
73 156
73 157
73 195
73 215
73 227
73 231
73 235
73 236
73 245
73 247
73 249
73 253
73 271
73 294
73 316
73 318
73 324
73 369
73 380
73 393
73 421
73 431
73 434
73 442
73 450
73 453
73 454
73 469
73 477
73 479
73 489
73 491
74 90
74 97
74 109
74 116
74 119
74 134
74 146
74 151
74 159
74 182
74 195
74 203
74 205
74 206
74 208
74 220
74 227
74 231
74 234
74 245
74 257
74 283
74 294
74 314
74 332
74 334
74 339
74 341
74 352
74 360
74 367
74 369
74 375
74 387
74 396
74 402
74 420
74 441
74 451
74 458
74 460
74 464
74 483
74 495
75 82
75 90
75 102
75 166
75 169
75 186
75 188
75 189
75 195
75 203
75 204
75 271
75 283
75 289
75 301
75 326
75 333
75 334
75 337
75 348
75 366
75 373
75 378
75 381
75 388
75 394
75 404
75 408
75 423
75 434
75 442
75 454
75 461
75 463
75 477
75 481
76 78
76 79
76 80
76 91
76 103
76 106
76 109
76 115
76 130
76 131
76 150
76 165
76 167
76 178
76 185
76 186
76 187
76 188
76 219
76 220
76 225
76 228
76 237
76 238
76 245
76 246
76 259
76 270
76 298
76 299
76 313
76 314
76 324
76 357
76 368
76 383
76 393
76 400
76 401
76 402
76 409
76 418
76 423
76 434
76 435
76 438
76 443
76 452
76 453
76 472
76 474
76 476
76 483
76 487
76 490
77 96
77 101
77 105
77 117
77 141
77 169
77 174
77 189
77 203
77 244
77 293
77 297
77 301
77 315
77 319
77 335
77 340
77 351
77 360
77 362
77 421
77 430
77 439
77 457
77 478
77 480
77 481
77 486
77 497
78 90
78 96
78 135
78 138
78 158
78 180
78 182
78 190
78 253
78 265
78 278
78 279
78 286
78 293
78 326
78 329
78 335
78 350
78 356
78 371
78 381
78 390
78 394
78 419
78 429
78 444
78 451
78 463
78 476
78 478
78 479
78 483
78 493
79 84
79 87
79 88
79 99
79 100
79 110
79 114
79 115
79 124
79 130
79 133
79 136
79 148
79 157
79 166
79 170
79 181
79 183
79 195
79 203
79 208
79 209
79 213
79 236
79 243
79 261
79 272
79 276
79 278
79 283
79 306
79 316
79 372
79 404
79 422
79 424
79 429
79 434
79 443
79 445
79 451
79 455
79 456
79 473
79 478
79 485
79 486
79 493
79 499
80 89
80 110
80 117
80 121
80 124
80 137
80 140
80 145
80 153
80 167
80 170
80 171
80 178
80 189
80 214
80 249
80 254
80 260
80 267
80 273
80 278
80 287
80 301
80 305
80 318
80 319
80 325
80 337
80 339
80 353
80 360
80 372
80 413
80 416
80 424
80 431
80 435
80 440
80 442
80 444
80 447
80 448
80 454
80 479
80 480
80 483
80 488
80 498
81 124
81 152
81 170
81 177
81 190
81 196
81 232
81 235
81 244
81 256
81 286
81 292
81 313
81 327
81 337
81 362
81 364
81 376
81 386
81 389
81 394
81 397
81 408
81 430
81 432
81 442
81 468
81 481
81 482
81 487
81 492
81 493
82 84
82 85
82 86
82 107
82 119
82 125
82 133
82 178
82 183
82 187
82 192
82 197
82 209
82 225
82 230
82 241
82 247
82 272
82 274
82 281
82 289
82 297
82 300
82 303
82 320
82 321
82 325
82 328
82 331
82 332
82 337
82 353
82 355
82 357
82 360
82 371
82 389
82 401
82 430
82 431
82 436
82 450
82 464
82 467
82 470
82 477
82 487
82 490
82 493
83 112
83 115
83 128
83 147
83 154
83 160
83 163
83 177
83 195
83 204
83 210
83 211
83 218
83 221
83 231
83 237
83 243
83 251
83 266
83 288
83 293
83 308
83 317
83 320
83 324
83 325
83 339
83 346
83 356
83 360
83 361
83 366
83 370
83 377
83 384
83 400
83 404
83 408
83 428
83 429
83 434
83 440
83 458
83 467
83 469
83 473
83 493
84 121
84 125
84 146
84 156
84 157
84 159
84 162
84 181
84 184
84 189
84 218
84 237
84 250
84 275
84 277
84 292
84 300
84 301
84 324
84 327
84 330
84 340
84 351
84 356
84 368
84 377
84 383
84 402
84 408
84 420
84 429
84 442
84 443
84 449
84 467
84 475
84 482
84 485
84 491
84 492
84 496
84 499
85 89
85 110
85 112
85 120
85 133
85 154
85 172
85 185
85 187
85 202
85 228
85 231
85 234
85 238
85 249
85 267
85 272
85 276
85 281
85 286
85 287
85 307
85 311
85 328
85 329
85 334
85 362
85 370
85 377
85 386
85 398
85 437
85 440
85 459
85 467
85 469
85 494
86 87
86 91
86 131
86 171
86 175
86 178
86 195
86 202
86 206
86 226
86 243
86 261
86 282
86 288
86 291
86 298
86 326
86 352
86 404
86 435
86 436
86 438
86 439
86 458
86 460
86 484
86 492
87 90
87 93
87 97
87 116
87 126
87 141
87 147
87 195
87 197
87 205
87 206
87 207
87 221
87 235
87 236
87 237
87 262
87 266
87 276
87 288
87 324
87 369
87 384
87 388
87 389
87 406
87 410
87 419
87 431
87 495
88 89
88 95
88 102
88 112
88 130
88 139
88 148
88 152
88 154
88 155
88 179
88 183
88 193
88 202
88 205
88 216
88 230
88 234
88 239
88 252
88 261
88 275
88 277
88 290
88 292
88 293
88 294
88 298
88 305
88 314
88 318
88 322
88 327
88 340
88 346
88 362
88 380
88 384
88 386
88 400
88 415
88 419
88 424
88 435
88 443
88 447
88 463
88 476
88 481
89 99
89 102
89 107
89 112
89 123
89 135
89 153
89 154
89 157
89 161
89 180
89 197
89 231
89 252
89 258
89 266
89 267
89 268
89 273
89 274
89 288
89 294
89 295
89 301
89 309
89 318
89 328
89 331
89 334
89 359
89 367
89 370
89 382
89 418
89 429
89 453
89 458
89 465
89 478
89 481
89 487
89 489
89 498
90 93
90 99
90 113
90 118
90 130
90 136
90 142
90 145
90 149
90 159
90 161
90 200
90 216
90 219
90 223
90 241
90 259
90 265
90 267
90 268
90 309
90 331
90 334
90 361
90 364
90 373
90 402
90 419
90 422
90 446
90 450
90 479
90 488
90 490
91 96
91 103
91 112
91 119
91 129
91 163
91 186
91 194
91 206
91 228
91 250
91 259
91 264
91 267
91 274
91 277
91 281
91 296
91 304
91 316
91 331
91 336
91 359
91 370
91 381
91 396
91 420
91 438
91 441
91 444
91 468
91 477
92 97
92 98
92 101
92 113
92 123
92 139
92 162
92 174
92 194
92 221
92 227
92 240
92 262
92 267
92 269
92 277
92 287
92 288
92 289
92 291
92 296
92 345
92 350
92 375
92 377
92 383
92 384
92 387
92 391
92 395
92 403
92 408
92 412
92 425
92 440
92 450
92 451
92 458
92 477
92 481
92 483
93 96
93 97
93 145
93 167
93 195
93 204
93 213
93 229
93 236
93 239
93 240
93 254
93 272
93 279
93 280
93 286
93 304
93 309
93 329
93 361
93 367
93 368
93 371
93 380
93 393
93 394
93 412
93 427
93 437
93 444
93 452
93 460
93 467
93 468
93 491
94 101
94 103
94 138
94 140
94 144
94 146
94 151
94 155
94 157
94 171
94 182
94 188
94 196
94 199
94 202
94 207
94 210
94 213
94 215
94 219
94 233
94 238
94 239
94 263
94 283
94 286
94 295
94 299
94 300
94 308
94 335
94 348
94 351
94 364
94 417
94 420
94 421
94 440
94 445
94 455
94 460
94 476
94 477
94 496
95 107
95 113
95 122
95 135
95 156
95 163
95 166
95 178
95 186
95 201
95 202
95 206
95 243
95 244
95 255
95 269
95 288
95 313
95 334
95 345
95 352
95 382
95 391
95 396
95 411
95 421
95 428
95 435
95 470
95 484
95 491
95 495
96 97
96 103
96 113
96 119
96 133
96 134
96 140
96 148
96 153
96 167
96 178
96 182
96 190
96 195
96 200
96 208
96 235
96 242
96 254
96 255
96 262
96 263
96 264
96 266
96 281
96 282
96 283
96 304
96 340
96 352
96 358
96 390
96 393
96 394
96 399
96 428
96 430
96 433
96 435
96 439
96 453
96 459
96 460
96 480
97 104
97 105
97 109
97 121
97 151
97 153
97 194
97 195
97 198
97 215
97 225
97 227
97 231
97 237
97 247
97 254
97 256
97 259
97 261
97 264
97 286
97 296
97 297
97 302
97 313
97 316
97 320
97 324
97 360
97 368
97 373
97 374
97 378
97 379
97 384
97 386
97 397
97 403
97 408
97 413
97 429
97 441
97 446
97 468
97 475
98 117
98 121
98 155
98 167
98 168
98 174
98 179
98 181
98 192
98 193
98 201
98 205
98 215
98 218
98 220
98 223
98 230
98 233
98 248
98 249
98 254
98 255
98 288
98 306
98 311
98 343
98 386
98 395
98 414
98 415
98 420
98 425
98 439
98 454
98 458
98 459
98 466
98 471
98 475
98 477
98 486
98 487
98 488
98 489
98 490
98 495
99 100
99 114
99 176
99 188
99 192
99 198
99 200
99 223
99 244
99 246
99 255
99 273
99 274
99 275
99 277
99 280
99 300
99 302
99 303
99 309
99 324
99 330
99 340
99 354
99 381
99 385
99 407
99 421
99 437
99 445
99 448
99 457
99 463
99 467
99 493
100 103
100 120
100 122
100 124
100 138
100 152
100 158
100 170
100 178
100 179
100 194
100 203
100 210
100 212
100 225
100 226
100 232
100 255
100 266
100 277
100 282
100 291
100 298
100 304
100 307
100 309
100 315
100 323
100 353
100 373
100 389
100 397
100 410
100 415
100 421
100 422
100 426
100 439
100 448
100 452
100 457
100 458
100 459
100 465
100 475
101 108
101 110
101 114
101 126
101 134
101 146
101 148
101 158
101 165
101 169
101 171
101 176
101 181
101 191
101 201
101 204
101 205
101 206
101 223
101 239
101 241
101 243
101 249
101 255
101 266
101 281
101 288
101 292
101 296
101 298
101 308
101 334
101 343
101 353
101 358
101 366
101 371
101 372
101 379
101 380
101 382
101 400
101 401
101 407
101 409
101 417
101 421
101 426
101 451
101 452
101 457
101 461
101 463
101 473
102 137
102 149
102 164
102 167
102 176
102 179
102 195
102 207
102 209
102 219
102 243
102 258
102 261
102 275
102 280
102 291
102 313
102 322
102 323
102 324
102 340
102 347
102 381
102 382
102 386
102 398
102 399
102 400
102 406
102 428
102 460
102 468
102 470
102 474
102 485
102 492
103 118
103 124
103 127
103 141
103 152
103 161
103 168
103 176
103 178
103 189
103 203
103 204
103 213
103 217
103 218
103 220
103 239
103 248
103 251
103 264
103 268
103 276
103 287
103 293
103 311
103 314
103 320
103 322
103 327
103 332
103 335
103 336
103 360
103 371
103 382
103 417
103 441
103 464
103 488
103 492
104 109
104 110
104 126
104 156
104 181
104 183
104 187
104 194
104 199
104 226
104 231
104 242
104 251
104 255
104 265
104 304
104 315
104 340
104 350
104 358
104 362
104 366
104 368
104 405
104 413
104 428
104 442
104 443
104 444
104 449
104 463
104 470
104 477
104 480
104 493
104 495
105 110
105 121
105 140
105 145
105 151
105 193
105 199
105 203
105 210
105 212
105 214
105 218
105 222
105 231
105 234
105 237
105 258
105 307
105 308
105 330
105 333
105 340
105 346
105 350
105 395
105 401
105 414
105 426
105 428
105 448
105 449
105 451
105 454
105 455
105 460
105 464
105 468
105 475
105 482
105 483
106 123
106 129
106 134
106 138
106 153
106 157
106 160
106 166
106 173
106 177
106 191
106 213
106 235
106 236
106 245
106 255
106 262
106 290
106 292
106 293
106 294
106 306
106 307
106 309
106 349
106 372
106 373
106 393
106 403
106 407
106 421
106 424
106 433
106 447
106 448
106 453
106 457
106 464
106 484
106 491
107 130
107 147
107 164
107 172
107 192
107 197
107 212
107 222
107 228
107 235
107 245
107 251
107 262
107 271
107 273
107 286
107 287
107 295
107 301
107 306
107 315
107 345
107 353
107 355
107 359
107 372
107 380
107 392
107 409
107 412
107 413
107 419
107 420
107 421
107 428
107 440
107 442
107 448
107 464
107 470
107 474
107 492
107 496
107 497
108 110
108 116
108 119
108 120
108 131
108 133
108 143
108 148
108 150
108 151
108 160
108 177
108 184
108 201
108 219
108 234
108 254
108 288
108 289
108 290
108 301
108 307
108 309
108 329
108 331
108 341
108 348
108 349
108 354
108 388
108 396
108 401
108 417
108 440
108 463
108 471
108 475
108 476
108 485
108 487
108 492
109 118
109 125
109 132
109 133
109 138
109 180
109 201
109 213
109 217
109 218
109 260
109 267
109 271
109 272
109 274
109 285
109 286
109 288
109 296
109 300
109 311
109 313
109 315
109 324
109 327
109 329
109 338
109 339
109 407
109 415
109 423
109 433
109 435
109 438
109 443
109 459
109 460
109 462
109 475
109 490
109 492
110 114
110 115
110 123
110 125
110 131
110 135
110 143
110 149
110 167
110 176
110 181
110 187
110 195
110 203
110 230
110 231
110 242
110 277
110 278
110 284
110 290
110 291
110 301
110 309
110 311
110 318
110 319
110 325
110 326
110 328
110 345
110 363
110 366
110 374
110 397
110 403
110 404
110 416
110 427
110 435
110 436
110 437
110 460
110 466
111 127
111 128
111 135
111 147
111 156
111 161
111 162
111 164
111 169
111 170
111 184
111 185
111 186
111 204
111 210
111 234
111 236
111 248
111 249
111 257
111 259
111 267
111 270
111 291
111 311
111 316
111 318
111 323
111 331
111 332
111 334
111 336
111 342
111 347
111 348
111 357
111 359
111 381
111 386
111 388
111 410
111 426
111 433
111 437
111 448
111 457
111 477
111 495
111 496
111 499
112 117
112 142
112 146
112 176
112 191
112 235
112 239
112 261
112 264
112 266
112 282
112 298
112 333
112 345
112 346
112 351
112 359
112 360
112 372
112 383
112 397
112 404
112 412
112 441
112 451
112 464
112 470
112 478
112 486
113 115
113 133
113 134
113 137
113 143
113 145
113 166
113 168
113 171
113 187
113 199
113 220
113 227
113 228
113 233
113 248
113 260
113 267
113 273
113 278
113 279
113 305
113 306
113 312
113 330
113 347
113 348
113 360
113 374
113 386
113 393
113 398
113 399
113 400
113 407
113 411
113 440
113 449
113 453
113 455
113 459
113 461
113 469
113 477
113 490
113 498
114 127
114 157
114 171
114 179
114 194
114 200
114 201
114 211
114 219
114 226
114 232
114 235
114 238
114 241
114 243
114 251
114 271
114 288
114 293
114 320
114 328
114 334
114 340
114 347
114 359
114 363
114 367
114 372
114 382
114 387
114 390
114 395
114 412
114 429
114 432
114 443
114 472
114 478
114 487
114 495
115 151
115 163
115 165
115 177
115 178
115 190
115 195
115 200
115 204
115 208
115 228
115 232
115 259
115 271
115 273
115 276
115 279
115 282
115 284
115 322
115 334
115 338
115 343
115 345
115 360
115 366
115 370
115 374
115 378
115 380
115 385
115 386
115 396
115 433
115 442
115 444
115 445
115 448
115 452
115 455
115 494
116 133
116 134
116 135
116 141
116 146
116 147
116 165
116 170
116 181
116 194
116 215
116 222
116 236
116 238
116 259
116 276
116 277
116 292
116 321
116 342
116 354
116 357
116 358
116 361
116 371
116 376
116 382
116 384
116 399
116 402
116 407
116 441
116 459
116 469
116 477
116 487
116 489
116 494
117 125
117 126
117 145
117 161
117 162
117 172
117 182
117 186
117 187
117 195
117 197
117 241
117 256
117 261
117 268
117 269
117 270
117 294
117 311
117 314
117 325
117 327
117 348
117 352
117 359
117 366
117 370
117 374
117 375
117 379
117 397
117 402
117 405
117 416
117 417
117 425
117 428
117 446
117 467
117 472
117 482
118 123
118 130
118 131
118 149
118 152
118 188
118 191
118 203
118 207
118 214
118 224
118 227
118 230
118 235
118 247
118 254
118 259
118 264
118 266
118 277
118 291
118 293
118 294
118 342
118 344
118 346
118 347
118 360
118 413
118 427
118 443
118 449
118 455
118 469
119 124
119 138
119 140
119 153
119 157
119 159
119 161
119 162
119 172
119 187
119 189
119 190
119 197
119 204
119 207
119 208
119 219
119 264
119 278
119 300
119 314
119 321
119 331
119 335
119 351
119 361
119 367
119 373
119 409
119 411
119 426
119 435
119 462
119 465
119 481
120 121
120 124
120 143
120 145
120 156
120 171
120 182
120 211
120 216
120 222
120 236
120 248
120 285
120 302
120 308
120 315
120 319
120 338
120 343
120 346
120 348
120 387
120 407
120 408
120 422
120 424
120 426
120 436
120 452
121 131
121 135
121 139
121 141
121 143
121 151
121 185
121 220
121 229
121 241
121 255
121 272
121 273
121 297
121 300
121 302
121 332
121 333
121 341
121 344
121 345
121 349
121 354
121 388
121 394
121 398
121 404
121 411
121 417
121 426
121 434
121 435
121 441
121 445
121 461
121 476
121 491
122 124
122 127
122 135
122 137
122 156
122 159
122 179
122 181
122 182
122 188
122 193
122 200
122 202
122 204
122 206
122 212
122 216
122 217
122 238
122 239
122 251
122 255
122 257
122 272
122 309
122 319
122 324
122 332
122 340
122 347
122 367
122 385
122 393
122 408
122 412
122 415
122 426
122 435
122 458
122 463
122 481
122 487
123 140
123 141
123 149
123 152
123 157
123 164
123 165
123 179
123 191
123 196
123 218
123 229
123 233
123 277
123 283
123 298
123 304
123 320
123 340
123 348
123 351
123 357
123 366
123 370
123 380
123 394
123 395
123 400
123 404
123 424
123 434
123 437
123 440
123 448
123 481
123 485
123 494
123 499
124 139
124 145
124 166
124 167
124 179
124 181
124 182
124 228
124 234
124 247
124 253
124 254
124 262
124 264
124 283
124 289
124 293
124 328
124 338
124 345
124 349
124 353
124 364
124 373
124 388
124 397
124 404
124 416
124 428
124 429
124 441
124 443
124 447
124 470
124 471
124 482
124 488
124 490
125 138
125 154
125 163
125 170
125 186
125 202
125 204
125 208
125 212
125 237
125 244
125 252
125 258
125 279
125 314
125 323
125 325
125 357
125 370
125 382
125 383
125 384
125 396
125 399
125 400
125 404
125 434
125 446
125 475
125 483
125 485
125 495
125 498
126 132
126 134
126 139
126 154
126 161
126 184
126 197
126 202
126 208
126 211
126 216
126 222
126 223
126 245
126 247
126 248
126 267
126 273
126 310
126 338
126 343
126 348
126 349
126 353
126 363
126 384
126 401
126 404
126 417
126 434
126 467
126 473
126 488
127 135
127 145
127 158
127 184
127 212
127 231
127 235
127 238
127 242
127 254
127 265
127 267
127 268
127 270
127 273
127 275
127 291
127 292
127 293
127 315
127 316
127 317
127 342
127 365
127 376
127 385
127 453
127 476
127 482
128 135
128 139
128 141
128 165
128 169
128 172
128 182
128 185
128 186
128 201
128 214
128 221
128 228
128 241
128 242
128 249
128 250
128 251
128 253
128 260
128 266
128 278
128 281
128 292
128 301
128 311
128 328
128 332
128 334
128 338
128 339
128 341
128 343
128 355
128 367
128 377
128 379
128 386
128 425
128 442
128 444
128 445
128 449
128 450
128 453
128 455
128 456
128 470
128 499
129 148
129 159
129 164
129 168
129 173
129 185
129 207
129 208
129 214
129 215
129 217
129 229
129 231
129 233
129 246
129 254
129 285
129 289
129 299
129 310
129 313
129 316
129 320
129 324
129 331
129 338
129 353
129 368
129 375
129 384
129 394
129 415
129 429
129 430
129 434
129 452
129 457
129 462
129 464
129 473
129 475
129 484
129 498
130 139
130 177
130 192
130 193
130 209
130 213
130 221
130 240
130 252
130 253
130 257
130 261
130 273
130 280
130 283
130 287
130 304
130 316
130 322
130 334
130 336
130 340
130 351
130 364
130 367
130 369
130 380
130 396
130 405
130 415
130 416
130 438
130 455
130 456
130 479
130 489
130 496
131 138
131 145
131 154
131 169
131 174
131 175
131 189
131 192
131 193
131 217
131 218
131 219
131 226
131 253
131 259
131 271
131 303
131 304
131 354
131 355
131 363
131 365
131 366
131 369
131 370
131 375
131 376
131 380
131 381
131 385
131 389
131 392
131 397
131 402
131 405
131 431
131 434
131 437
131 448
131 466
131 477
131 495
131 497
132 136
132 143
132 147
132 154
132 156
132 162
132 189
132 198
132 203
132 217
132 243
132 247
132 249
132 258
132 287
132 303
132 328
132 343
132 359
132 364
132 376
132 391
132 394
132 399
132 411
132 424
132 435
132 446
132 448
132 449
132 459
132 473
133 147
133 149
133 177
133 179
133 187
133 232
133 233
133 243
133 251
133 259
133 267
133 290
133 304
133 311
133 317
133 329
133 336
133 345
133 348
133 361
133 364
133 368
133 398
133 428
133 432
133 453
133 471
133 489
134 136
134 139
134 147
134 150
134 161
134 163
134 193
134 195
134 196
134 206
134 242
134 253
134 255
134 256
134 260
134 265
134 267
134 274
134 286
134 288
134 300
134 310
134 328
134 331
134 334
134 348
134 356
134 359
134 364
134 373
134 375
134 384
134 388
134 396
134 405
134 415
134 437
134 455
134 457
134 466
134 470
134 488
134 495
135 154
135 184
135 194
135 228
135 247
135 255
135 274
135 282
135 290
135 315
135 324
135 325
135 336
135 351
135 354
135 371
135 386
135 395
135 409
135 422
135 428
135 436
135 450
135 451
135 460
135 462
135 464
135 475
135 479
135 480
136 139
136 152
136 164
136 185
136 189
136 200
136 212
136 218
136 234
136 242
136 244
136 254
136 256
136 260
136 276
136 283
136 295
136 299
136 301
136 319
136 343
136 349
136 366
136 367
136 386
136 397
136 417
136 434
136 436
136 445
136 469
136 471
136 477
136 490
137 148
137 153
137 161
137 173
137 179
137 183
137 185
137 203
137 225
137 226
137 242
137 249
137 251
137 300
137 330
137 332
137 336
137 344
137 349
137 353
137 357
137 359
137 366
137 376
137 378
137 394
137 403
137 405
137 419
137 444
137 456
137 460
137 462
137 468
137 469
137 477
137 486
137 494
138 149
138 156
138 188
138 195
138 227
138 233
138 246
138 250
138 267
138 270
138 282
138 287
138 290
138 291
138 292
138 317
138 321
138 330
138 336
138 338
138 342
138 350
138 363
138 364
138 372
138 389
138 391
138 394
138 403
138 409
138 416
138 433
138 439
138 443
138 449
138 450
138 451
138 458
138 463
138 467
138 470
138 473
138 499
139 150
139 151
139 155
139 167
139 174
139 211
139 219
139 220
139 250
139 257
139 260
139 268
139 270
139 283
139 287
139 293
139 294
139 303
139 307
139 312
139 323
139 343
139 360
139 363
139 371
139 407
139 419
139 421
139 428
139 434
139 443
139 449
139 452
139 463
139 476
139 488
139 495
140 148
140 156
140 161
140 165
140 174
140 184
140 191
140 209
140 228
140 240
140 241
140 242
140 247
140 259
140 260
140 264
140 265
140 271
140 276
140 284
140 286
140 287
140 291
140 307
140 314
140 316
140 317
140 319
140 329
140 339
140 348
140 369
140 372
140 380
140 382
140 401
140 414
140 416
140 425
140 451
140 453
140 455
140 479
140 495
140 499
141 158
141 163
141 171
141 178
141 183
141 200
141 205
141 212
141 216
141 219
141 220
141 224
141 241
141 243
141 250
141 256
141 283
141 289
141 291
141 301
141 305
141 317
141 323
141 335
141 367
141 375
141 380
141 390
141 391
141 392
141 405
141 414
141 417
141 425
141 431
141 463
141 466
141 471
141 479
141 480
141 486
141 495
141 499
142 147
142 152
142 170
142 173
142 180
142 188
142 201
142 215
142 226
142 227
142 229
142 286
142 288
142 298
142 300
142 311
142 312
142 318
142 322
142 323
142 346
142 355
142 362
142 371
142 397
142 401
142 427
142 481
142 487
142 496
142 497
143 146
143 160
143 163
143 179
143 191
143 194
143 198
143 203
143 204
143 205
143 231
143 240
143 241
143 262
143 288
143 289
143 294
143 304
143 319
143 321
143 326
143 338
143 344
143 350
143 352
143 356
143 364
143 381
143 385
143 403
143 410
143 413
143 418
143 422
143 465
143 470
143 486
143 493
144 159
144 161
144 165
144 167
144 171
144 177
144 185
144 204
144 254
144 256
144 257
144 268
144 288
144 309
144 318
144 322
144 336
144 338
144 352
144 359
144 399
144 401
144 420
144 431
144 433
144 437
144 443
144 462
144 481
144 491
144 492
145 170
145 183
145 184
145 189
145 194
145 209
145 216
145 225
145 231
145 237
145 256
145 260
145 281
145 285
145 296
145 306
145 311
145 313
145 330
145 336
145 356
145 358
145 367
145 372
145 379
145 399
145 400
145 416
145 420
145 421
145 427
145 432
145 437
145 443
145 447
145 450
145 477
145 479
145 480
145 483
145 484
146 149
146 151
146 168
146 171
146 182
146 195
146 208
146 233
146 234
146 237
146 249
146 272
146 277
146 282
146 301
146 346
146 354
146 357
146 378
146 386
146 401
146 405
146 420
146 431
146 442
146 457
146 466
146 484
146 489
146 494
146 496
147 148
147 164
147 173
147 176
147 183
147 190
147 193
147 205
147 208
147 214
147 217
147 229
147 236
147 253
147 265
147 269
147 273
147 322
147 326
147 333
147 335
147 378
147 380
147 419
147 436
147 444
147 453
147 454
147 472
147 492
148 165
148 171
148 172
148 185
148 191
148 203
148 205
148 206
148 251
148 272
148 274
148 276
148 279
148 300
148 302
148 309
148 310
148 322
148 346
148 347
148 361
148 363
148 369
148 387
148 388
148 389
148 392
148 405
148 414
148 431
148 456
148 467
148 481
148 493
149 150
149 171
149 177
149 207
149 213
149 219
149 221
149 233
149 239
149 253
149 261
149 262
149 264
149 274
149 299
149 306
149 312
149 318
149 332
149 334
149 352
149 353
149 355
149 359
149 371
149 378
149 382
149 387
149 392
149 393
149 396
149 409
149 410
149 422
149 429
149 477
150 167
150 174
150 178
150 182
150 189
150 196
150 204
150 209
150 216
150 225
150 229
150 242
150 258
150 266
150 277
150 278
150 287
150 295
150 299
150 306
150 315
150 316
150 318
150 321
150 339
150 340
150 368
150 372
150 416
150 419
150 452
150 463
150 466
150 478
150 482
151 165
151 200
151 206
151 208
151 211
151 246
151 250
151 256
151 271
151 284
151 328
151 329
151 334
151 348
151 367
151 369
151 372
151 377
151 381
151 387
151 398
151 401
151 402
151 403
151 422
151 427
151 429
151 432
151 438
151 440
151 468
151 480
151 487
151 490
151 499
152 153
152 157
152 158
152 180
152 192
152 199
152 202
152 203
152 204
152 207
152 220
152 223
152 228
152 239
152 245
152 268
152 272
152 278
152 290
152 296
152 300
152 301
152 309
152 310
152 323
152 324
152 329
152 331
152 362
152 375
152 395
152 400
152 407
152 408
152 409
152 414
152 420
152 429
152 439
152 443
152 462
152 463
152 472
152 485
152 498
153 162
153 171
153 179
153 196
153 197
153 203
153 204
153 215
153 226
153 236
153 250
153 276
153 284
153 289
153 302
153 309
153 314
153 328
153 343
153 360
153 365
153 367
153 370
153 373
153 374
153 377
153 383
153 385
153 394
153 402
153 412
153 419
153 421
153 429
153 446
153 447
153 475
153 485
154 167
154 176
154 180
154 182
154 195
154 202
154 209
154 211
154 221
154 224
154 238
154 266
154 304
154 330
154 331
154 335
154 342
154 353
154 366
154 376
154 389
154 395
154 412
154 413
154 419
154 436
154 443
154 454
154 463
154 469
154 477
154 479
154 499
155 157
155 175
155 191
155 219
155 230
155 238
155 262
155 279
155 299
155 305
155 315
155 317
155 319
155 320
155 325
155 333
155 340
155 342
155 349
155 360
155 366
155 382
155 387
155 404
155 414
155 439
155 441
155 446
155 466
155 490
155 496
156 158
156 159
156 175
156 177
156 193
156 202
156 209
156 219
156 237
156 250
156 253
156 262
156 270
156 277
156 296
156 353
156 359
156 365
156 375
156 406
156 407
156 419
156 423
156 445
156 455
156 461
156 483
156 486
156 488
156 493
156 499
157 159
157 172
157 181
157 187
157 204
157 210
157 214
157 217
157 219
157 221
157 223
157 230
157 234
157 242
157 246
157 252
157 265
157 270
157 303
157 324
157 336
157 338
157 348
157 355
157 385
157 388
157 396
157 403
157 405
157 418
157 425
157 428
157 429
157 432
157 439
157 443
157 450
158 170
158 177
158 183
158 194
158 199
158 224
158 239
158 248
158 271
158 272
158 278
158 289
158 301
158 306
158 309
158 319
158 328
158 344
158 358
158 363
158 380
158 381
158 393
158 394
158 414
158 419
158 421
158 422
158 440
158 457
158 464
158 471
158 473
158 480
158 485
158 493
159 171
159 172
159 176
159 200
159 204
159 205
159 206
159 228
159 230
159 231
159 238
159 240
159 244
159 254
159 262
159 263
159 280
159 289
159 292
159 294
159 295
159 307
159 313
159 326
159 344
159 348
159 360
159 373
159 381
159 393
159 404
159 412
159 419
159 422
159 430
159 451
159 473
159 481
159 488
159 493
159 496
159 498
160 162
160 165
160 178
160 182
160 189
160 194
160 196
160 199
160 218
160 244
160 254
160 260
160 284
160 289
160 291
160 298
160 303
160 318
160 325
160 327
160 330
160 344
160 354
160 366
160 388
160 392
160 393
160 410
160 417
160 426
160 427
160 430
160 446
160 451
160 475
160 478
160 480
161 173
161 175
161 180
161 181
161 183
161 188
161 211
161 224
161 225
161 235
161 249
161 260
161 263
161 278
161 293
161 294
161 296
161 315
161 317
161 326
161 330
161 333
161 341
161 342
161 356
161 365
161 377
161 384
161 386
161 391
161 434
161 448
161 450
161 471
161 473
161 480
161 491
162 165
162 166
162 175
162 208
162 212
162 226
162 257
162 264
162 269
162 276
162 292
162 301
162 310
162 313
162 328
162 331
162 344
162 351
162 358
162 376
162 399
162 454
162 455
162 485
163 185
163 186
163 187
163 200
163 210
163 212
163 214
163 225
163 242
163 250
163 266
163 269
163 272
163 275
163 296
163 304
163 309
163 313
163 328
163 335
163 363
163 364
163 380
163 384
163 389
163 392
163 393
163 399
163 407
163 408
163 409
163 414
163 428
163 436
163 437
163 491
164 167
164 171
164 173
164 176
164 181
164 185
164 190
164 206
164 218
164 228
164 241
164 253
164 260
164 261
164 265
164 273
164 319
164 322
164 323
164 329
164 347
164 350
164 370
164 372
164 378
164 390
164 400
164 420
164 431
164 445
164 447
164 448
164 452
164 471
165 169
165 210
165 220
165 234
165 235
165 239
165 249
165 252
165 267
165 269
165 273
165 281
165 290
165 322
165 326
165 327
165 333
165 350
165 354
165 361
165 376
165 383
165 394
165 404
165 405
165 407
165 411
165 413
165 414
165 431
165 440
165 445
165 465
165 477
165 498
166 175
166 176
166 180
166 188
166 204
166 211
166 214
166 216
166 221
166 226
166 228
166 240
166 263
166 294
166 296
166 308
166 310
166 314
166 342
166 379
166 390
166 391
166 392
166 398
166 418
166 428
166 431
166 434
166 438
166 461
166 466
166 469
166 489
167 169
167 209
167 221
167 222
167 262
167 273
167 277
167 310
167 311
167 331
167 332
167 338
167 339
167 375
167 394
167 396
167 400
167 402
167 412
167 416
167 426
167 441
167 459
167 462
167 463
167 466
167 474
167 480
167 482
167 489
167 493
168 195
168 198
168 199
168 201
168 208
168 212
168 216
168 219
168 221
168 227
168 234
168 253
168 257
168 262
168 270
168 271
168 272
168 277
168 295
168 322
168 330
168 336
168 337
168 362
168 381
168 383
168 386
168 401
168 416
168 419
168 420
168 431
168 432
168 435
168 438
168 451
168 461
168 469
168 471
168 474
168 484
168 485
169 176
169 180
169 187
169 202
169 206
169 230
169 259
169 262
169 283
169 303
169 309
169 329
169 342
169 348
169 360
169 365
169 382
169 388
169 394
169 419
169 420
169 426
169 427
169 429
169 446
169 456
169 462
169 479
169 492
169 493
170 176
170 181
170 185
170 196
170 204
170 207
170 213
170 229
170 233
170 239
170 252
170 277
170 288
170 297
170 303
170 305
170 311
170 314
170 328
170 332
170 369
170 375
170 379
170 380
170 396
170 404
170 406
170 416
170 419
170 445
170 451
170 468
170 475
170 483
170 487
170 489
171 176
171 177
171 178
171 194
171 208
171 213
171 239
171 240
171 242
171 253
171 257
171 259
171 265
171 269
171 299
171 326
171 329
171 339
171 345
171 347
171 349
171 350
171 358
171 376
171 378
171 386
171 391
171 397
171 413
171 416
171 424
171 429
171 431
171 448
171 458
171 459
171 470
171 471
171 477
171 485
172 217
172 218
172 223
172 233
172 241
172 245
172 259
172 265
172 292
172 294
172 295
172 350
172 410
172 418
172 421
172 435
172 445
172 457
172 487
173 174
173 177
173 183
173 184
173 188
173 204
173 208
173 213
173 232
173 245
173 254
173 269
173 271
173 278
173 288
173 290
173 297
173 311
173 314
173 319
173 334
173 339
173 341
173 354
173 355
173 358
173 364
173 367
173 368
173 384
173 392
173 407
173 418
173 419
173 420
173 421
173 436
173 438
173 439
173 444
173 453
173 479
173 481
174 192
174 198
174 212
174 221
174 236
174 255
174 262
174 272
174 289
174 298
174 299
174 303
174 305
174 311
174 328
174 334
174 335
174 349
174 362
174 395
174 404
174 406
174 420
174 426
174 432
174 438
174 453
174 471
174 473
174 477
174 478
174 480
174 489
174 496
175 192
175 215
175 227
175 235
175 243
175 246
175 264
175 279
175 287
175 298
175 318
175 319
175 345
175 355
175 372
175 378
175 383
175 385
175 391
175 424
175 430
175 439
175 451
175 456
175 460
175 461
175 465
175 486
175 494
176 177
176 178
176 195
176 204
176 226
176 228
176 232
176 236
176 241
176 245
176 248
176 265
176 273
176 275
176 276
176 277
176 278
176 284
176 295
176 317
176 331
176 340
176 360
176 368
176 370
176 373
176 385
176 419
176 436
176 444
176 449
176 456
176 470
176 476
177 202
177 217
177 251
177 284
177 285
177 297
177 300
177 310
177 311
177 337
177 345
177 358
177 359
177 402
177 405
177 413
177 423
177 426
177 428
177 435
177 448
177 451
177 462
177 468
177 469
177 480
178 185
178 195
178 200
178 219
178 222
178 229
178 233
178 236
178 242
178 244
178 250
178 264
178 267
178 299
178 303
178 329
178 345
178 352
178 367
178 373
178 376
178 377
178 392
178 404
178 409
178 410
178 411
178 421
178 429
178 432
178 448
178 449
178 453
178 460
178 487
178 489
178 492
178 497
179 193
179 194
179 213
179 241
179 245
179 253
179 254
179 260
179 264
179 271
179 290
179 308
179 324
179 325
179 327
179 345
179 351
179 370
179 389
179 393
179 394
179 398
179 408
179 428
179 429
179 462
179 478
179 486
179 489
179 496
180 182
180 197
180 201
180 209
180 216
180 217
180 233
180 247
180 248
180 252
180 254
180 258
180 262
180 270
180 272
180 307
180 311
180 315
180 319
180 320
180 323
180 339
180 343
180 348
180 355
180 374
180 379
180 381
180 383
180 391
180 403
180 408
180 427
180 437
180 439
180 449
180 460
180 470
180 478
180 486
180 488
180 493
181 188
181 193
181 212
181 221
181 233
181 244
181 248
181 261
181 275
181 281
181 283
181 284
181 285
181 306
181 308
181 319
181 326
181 336
181 339
181 355
181 371
181 387
181 388
181 389
181 397
181 404
181 417
181 438
181 446
181 460
181 470
181 485
181 488
181 493
182 189
182 194
182 199
182 207
182 211
182 228
182 229
182 242
182 256
182 259
182 271
182 283
182 301
182 326
182 328
182 335
182 369
182 376
182 378
182 386
182 393
182 396
182 413
182 427
182 433
182 435
182 441
182 454
182 469
182 487
182 492
183 185
183 187
183 194
183 200
183 204
183 214
183 219
183 230
183 248
183 249
183 251
183 252
183 257
183 264
183 301
183 309
183 310
183 315
183 316
183 341
183 343
183 346
183 392
183 405
183 413
183 462
183 469
183 477
183 480
183 487
183 492
183 495
184 199
184 224
184 226
184 237
184 252
184 258
184 260
184 265
184 269
184 275
184 309
184 312
184 315
184 318
184 320
184 327
184 328
184 332
184 333
184 347
184 350
184 353
184 355
184 366
184 371
184 396
184 401
184 416
184 423
184 457
184 459
184 467
184 469
185 190
185 193
185 198
185 199
185 210
185 224
185 240
185 252
185 268
185 269
185 282
185 294
185 305
185 309
185 311
185 323
185 324
185 325
185 330
185 334
185 335
185 352
185 354
185 372
185 376
185 378
185 402
185 410
185 425
185 427
185 438
185 441
185 454
185 455
185 458
185 463
185 464
185 473
185 477
185 480
186 191
186 217
186 243
186 245
186 256
186 273
186 276
186 305
186 319
186 332
186 339
186 343
186 353
186 355
186 362
186 368
186 376
186 391
186 418
186 423
186 437
186 449
186 454
186 463
186 469
186 476
186 490
187 194
187 214
187 226
187 227
187 237
187 238
187 242
187 249
187 252
187 253
187 256
187 258
187 259
187 268
187 270
187 288
187 290
187 304
187 305
187 329
187 332
187 342
187 347
187 349
187 357
187 364
187 375
187 401
187 433
187 449
187 470
187 477
187 489
188 191
188 213
188 215
188 219
188 235
188 272
188 276
188 286
188 296
188 297
188 316
188 328
188 335
188 350
188 355
188 361
188 370
188 371
188 378
188 383
188 385
188 390
188 402
188 424
188 427
188 430
188 439
188 441
188 450
188 471
188 472
188 484
188 490
189 197
189 211
189 213
189 245
189 251
189 252
189 270
189 271
189 276
189 280
189 284
189 296
189 306
189 342
189 346
189 349
189 356
189 358
189 359
189 370
189 389
189 393
189 407
189 440
189 463
189 464
189 494
190 196
190 207
190 208
190 215
190 219
190 258
190 266
190 282
190 310
190 313
190 316
190 320
190 322
190 342
190 349
190 364
190 371
190 414
190 415
190 419
190 429
190 434
190 448
190 449
190 454
190 473
190 477
190 485
190 492
190 493
190 496
191 192
191 215
191 218
191 228
191 232
191 257
191 259
191 263
191 275
191 282
191 283
191 292
191 293
191 303
191 309
191 332
191 333
191 348
191 370
191 381
191 384
191 385
191 401
191 402
191 412
191 415
191 419
191 422
191 435
191 451
191 454
191 464
191 469
191 497
192 197
192 200
192 223
192 240
192 242
192 246
192 249
192 253
192 258
192 274
192 281
192 286
192 290
192 292
192 311
192 316
192 340
192 351
192 354
192 366
192 373
192 398
192 403
192 407
192 428
192 449
192 459
192 467
192 473
192 499
193 199
193 200
193 202
193 204
193 205
193 239
193 250
193 279
193 305
193 308
193 328
193 337
193 346
193 370
193 397
193 402
193 403
193 404
193 411
193 445
193 447
193 450
193 455
193 477
193 482
193 483
193 486
193 495
194 198
194 209
194 217
194 222
194 251
194 256
194 265
194 287
194 305
194 322
194 351
194 352
194 353
194 364
194 383
194 392
194 401
194 410
194 412
194 442
194 450
194 472
194 475
194 477
194 487
194 491
194 495
195 203
195 218
195 260
195 269
195 270
195 292
195 314
195 316
195 317
195 326
195 327
195 328
195 333
195 334
195 343
195 354
195 367
195 436
195 438
195 448
195 450
195 453
195 477
195 489
195 490
195 491
196 222
196 225
196 230
196 261
196 276
196 337
196 341
196 343
196 361
196 365
196 371
196 381
196 391
196 398
196 429
196 430
196 441
196 449
196 450
196 454
196 462
196 477
196 483
196 487
197 199
197 209
197 224
197 272
197 282
197 285
197 290
197 320
197 325
197 342
197 355
197 363
197 368
197 380
197 388
197 399
197 412
197 417
197 433
197 445
197 446
197 448
197 460
197 474
197 483
197 491
198 201
198 216
198 219
198 221
198 280
198 289
198 291
198 293
198 298
198 299
198 300
198 307
198 324
198 325
198 330
198 341
198 348
198 355
198 358
198 360
198 361
198 364
198 421
198 428
198 435
198 447
198 450
198 451
198 452
198 456
198 459
198 465
198 473
198 476
198 477
198 480
198 499
199 200
199 206
199 224
199 245
199 249
199 299
199 302
199 313
199 327
199 345
199 348
199 359
199 399
199 412
199 423
199 430
199 431
199 455
199 456
199 470
199 471
199 472
199 492
200 212
200 217
200 232
200 251
200 258
200 263
200 266
200 288
200 296
200 312
200 350
200 356
200 361
200 383
200 385
200 392
200 403
200 422
200 426
200 439
200 452
200 454
201 225
201 229
201 232
201 235
201 236
201 239
201 242
201 256
201 268
201 270
201 286
201 290
201 292
201 295
201 298
201 299
201 304
201 309
201 320
201 325
201 365
201 366
201 406
201 407
201 447
201 455
201 459
201 465
201 470
201 480
201 492
201 494
201 497
202 207
202 224
202 238
202 253
202 258
202 280
202 291
202 305
202 322
202 327
202 332
202 335
202 337
202 351
202 363
202 375
202 382
202 387
202 396
202 405
202 410
202 423
202 432
202 442
202 450
202 464
202 467
202 475
202 482
202 490
202 493
203 204
203 216
203 226
203 246
203 256
203 271
203 272
203 280
203 291
203 309
203 311
203 316
203 318
203 325
203 346
203 357
203 361
203 367
203 384
203 399
203 418
203 421
203 455
203 456
203 462
203 467
203 474
203 479
203 481
203 483
203 486
203 491
203 495
203 497
204 217
204 247
204 254
204 264
204 269
204 271
204 279
204 288
204 292
204 294
204 301
204 325
204 337
204 339
204 354
204 369
204 379
204 381
204 387
204 410
204 420
204 437
204 451
204 453
204 461
204 474
204 485
204 486
204 488
204 491
204 499
205 215
205 250
205 257
205 263
205 280
205 285
205 290
205 294
205 319
205 330
205 334
205 342
205 346
205 373
205 399
205 405
205 421
205 428
205 444
205 458
205 466
205 476
205 486
205 489
205 492
205 494
205 497
206 226
206 246
206 261
206 280
206 282
206 288
206 309
206 310
206 313
206 321
206 324
206 330
206 332
206 340
206 366
206 367
206 370
206 383
206 386
206 393
206 411
206 413
206 415
206 446
206 452
206 468
206 471
206 475
206 481
206 492
206 494
207 209
207 220
207 221
207 222
207 229
207 231
207 237
207 242
207 244
207 250
207 271
207 274
207 291
207 292
207 293
207 309
207 319
207 324
207 337
207 343
207 345
207 350
207 361
207 363
207 371
207 376
207 381
207 386
207 387
207 396
207 398
207 416
207 425
207 431
207 438
207 443
207 464
207 471
207 473
207 482
207 483
207 492
208 214
208 233
208 237
208 247
208 261
208 265
208 280
208 282
208 285
208 289
208 301
208 317
208 323
208 325
208 330
208 334
208 338
208 340
208 355
208 373
208 385
208 390
208 401
208 411
208 424
208 428
208 439
208 441
208 442
208 450
208 453
208 455
208 456
208 460
208 473
208 483
208 492
209 219
209 220
209 228
209 231
209 233
209 240
209 241
209 242
209 253
209 261
209 268
209 276
209 288
209 301
209 316
209 317
209 318
209 321
209 332
209 334
209 346
209 362
209 365
209 377
209 387
209 388
209 409
209 414
209 416
209 419
209 437
209 453
209 458
209 471
209 472
209 476
209 477
209 485
210 213
210 225
210 230
210 234
210 275
210 281
210 308
210 364
210 376
210 393
210 394
210 398
210 432
210 438
210 448
210 452
210 460
210 461
210 487
210 488
210 489
210 498
211 216
211 248
211 264
211 274
211 278
211 279
211 281
211 287
211 292
211 298
211 302
211 319
211 322
211 352
211 379
211 411
211 430
211 446
211 451
211 456
211 466
211 477
211 483
211 493
212 215
212 218
212 232
212 234
212 237
212 246
212 249
212 251
212 264
212 270
212 279
212 285
212 297
212 300
212 302
212 310
212 314
212 325
212 337
212 343
212 346
212 347
212 370
212 378
212 392
212 393
212 407
212 413
212 424
212 437
212 448
212 462
212 473
212 476
212 487
212 495
212 499
213 221
213 222
213 225
213 226
213 237
213 285
213 291
213 293
213 299
213 306
213 310
213 346
213 397
213 402
213 407
213 438
213 441
213 446
213 451
213 454
213 487
213 498
214 223
214 227
214 262
214 284
214 286
214 305
214 308
214 311
214 315
214 317
214 330
214 339
214 344
214 345
214 372
214 375
214 416
214 419
214 451
214 490
214 498
215 217
215 218
215 255
215 260
215 268
215 271
215 275
215 280
215 287
215 303
215 306
215 307
215 328
215 344
215 346
215 348
215 351
215 383
215 395
215 399
215 413
215 426
215 438
215 463
215 473
215 486
215 490
216 221
216 244
216 254
216 259
216 271
216 294
216 299
216 303
216 305
216 348
216 350
216 367
216 394
216 401
216 421
216 426
216 435
216 436
216 445
216 452
216 456
216 463
217 220
217 233
217 237
217 260
217 267
217 274
217 291
217 296
217 308
217 313
217 321
217 340
217 345
217 359
217 363
217 371
217 416
217 427
217 428
217 430
217 431
217 436
217 448
217 465
217 466
217 473
217 475
217 480
217 496
218 236
218 246
218 248
218 249
218 261
218 266
218 268
218 270
218 271
218 274
218 276
218 281
218 283
218 291
218 308
218 317
218 320
218 331
218 349
218 353
218 367
218 369
218 372
218 376
218 378
218 386
218 412
218 414
218 417
218 419
218 424
218 430
218 440
218 443
218 464
218 467
218 483
218 493
218 498
219 233
219 236
219 271
219 282
219 283
219 295
219 297
219 299
219 300
219 334
219 340
219 347
219 358
219 359
219 367
219 375
219 381
219 421
219 429
219 480
220 234
220 240
220 257
220 259
220 269
220 271
220 276
220 278
220 289
220 292
220 293
220 298
220 323
220 330
220 336
220 337
220 346
220 352
220 364
220 367
220 377
220 393
220 404
220 412
220 420
220 434
220 446
220 447
220 454
220 459
220 462
220 465
220 469
220 471
220 475
220 487
220 498
221 249
221 250
221 266
221 277
221 280
221 297
221 299
221 305
221 329
221 332
221 353
221 355
221 376
221 385
221 390
221 391
221 392
221 397
221 407
221 419
221 427
221 440
221 446
221 448
221 450
221 457
221 472
221 486
222 234
222 238
222 255
222 257
222 260
222 267
222 284
222 292
222 293
222 316
222 317
222 318
222 326
222 331
222 344
222 346
222 349
222 357
222 358
222 363
222 380
222 384
222 389
222 392
222 411
222 414
222 423
222 430
222 465
222 490
223 235
223 237
223 240
223 242
223 252
223 254
223 272
223 277
223 282
223 288
223 294
223 303
223 309
223 317
223 327
223 335
223 336
223 339
223 345
223 372
223 387
223 390
223 427
223 435
223 436
223 442
223 445
223 489
223 491
224 226
224 241
224 253
224 258
224 271
224 289
224 315
224 322
224 326
224 351
224 358
224 360
224 369
224 371
224 375
224 377
224 382
224 401
224 404
224 406
224 412
224 429
224 443
224 453
224 464
224 473
224 482
224 499
225 229
225 231
225 234
225 268
225 269
225 277
225 280
225 287
225 321
225 367
225 375
225 377
225 382
225 384
225 423
225 439
225 445
225 462
225 476
225 481
225 482
226 233
226 234
226 239
226 247
226 249
226 250
226 269
226 279
226 282
226 283
226 311
226 314
226 319
226 325
226 340
226 359
226 375
226 380
226 403
226 404
226 407
226 430
226 441
226 443
226 449
226 450
226 458
226 460
226 473
226 477
226 486
226 487
226 496
227 231
227 234
227 238
227 239
227 246
227 247
227 249
227 265
227 271
227 272
227 274
227 283
227 286
227 294
227 306
227 317
227 323
227 336
227 349
227 370
227 371
227 376
227 392
227 394
227 405
227 406
227 423
227 424
227 443
227 468
227 485
227 499
228 232
228 250
228 256
228 263
228 270
228 277
228 286
228 319
228 332
228 336
228 348
228 356
228 367
228 370
228 372
228 376
228 386
228 393
228 399
228 426
228 431
228 438
228 441
228 455
228 492
229 238
229 252
229 268
229 283
229 302
229 317
229 342
229 346
229 348
229 360
229 375
229 385
229 395
229 409
229 417
229 418
229 422
229 448
229 450
229 457
229 477
229 494
229 499
230 250
230 254
230 275
230 279
230 284
230 288
230 290
230 292
230 295
230 306
230 326
230 340
230 348
230 365
230 384
230 386
230 410
230 427
230 428
230 429
230 451
230 453
230 491
231 262
231 265
231 269
231 273
231 291
231 297
231 298
231 300
231 307
231 321
231 323
231 328
231 349
231 382
231 387
231 397
231 441
231 452
231 460
231 473
231 476
231 478
232 265
232 271
232 284
232 312
232 313
232 325
232 333
232 335
232 351
232 355
232 359
232 363
232 364
232 399
232 422
232 433
232 434
232 440
232 454
232 473
232 488
232 492
232 498
233 241
233 244
233 249
233 260
233 263
233 274
233 283
233 287
233 290
233 298
233 301
233 320
233 350
233 370
233 372
233 378
233 380
233 428
233 437
233 444
233 491
234 250
234 273
234 280
234 292
234 294
234 303
234 309
234 326
234 327
234 332
234 350
234 354
234 358
234 360
234 386
234 389
234 394
234 407
234 408
234 409
234 413
234 418
234 423
234 424
234 436
234 439
234 457
234 482
234 493
235 255
235 292
235 295
235 300
235 310
235 313
235 314
235 317
235 323
235 325
235 346
235 348
235 354
235 361
235 362
235 367
235 410
235 428
235 431
235 436
235 438
235 441
235 453
235 477
235 480
235 481
235 484
235 486
235 492
236 245
236 250
236 257
236 269
236 270
236 273
236 279
236 297
236 318
236 322
236 324
236 328
236 336
236 339
236 343
236 345
236 348
236 373
236 374
236 376
236 378
236 444
236 445
236 448
236 463
236 464
236 480
236 485
237 279
237 287
237 303
237 307
237 309
237 313
237 318
237 319
237 326
237 336
237 337
237 338
237 348
237 351
237 358
237 373
237 377
237 389
237 393
237 401
237 404
237 442
237 454
237 455
237 459
237 481
238 248
238 255
238 264
238 268
238 278
238 280
238 294
238 303
238 310
238 316
238 324
238 366
238 367
238 371
238 375
238 382
238 384
238 387
238 393
238 439
238 443
238 451
238 452
238 461
238 465
238 477
238 479
238 483
238 488
238 489
239 246
239 252
239 264
239 270
239 285
239 298
239 301
239 312
239 333
239 348
239 361
239 363
239 392
239 428
239 432
239 463
239 473
239 498
240 242
240 245
240 278
240 282
240 283
240 293
240 310
240 314
240 355
240 357
240 359
240 361
240 362
240 363
240 367
240 371
240 395
240 413
240 414
240 418
240 419
240 420
240 425
240 430
240 431
240 437
240 453
240 466
240 471
240 473
240 476
240 478
240 495
241 264
241 273
241 277
241 286
241 291
241 313
241 325
241 326
241 331
241 333
241 349
241 352
241 355
241 365
241 366
241 378
241 388
241 410
241 411
241 412
241 419
241 430
241 439
241 445
241 446
241 447
241 449
241 450
241 452
241 453
241 457
241 459
241 484
242 243
242 251
242 267
242 289
242 291
242 292
242 310
242 318
242 329
242 331
242 333
242 334
242 348
242 358
242 360
242 377
242 379
242 397
242 398
242 400
242 429
242 449
242 453
242 455
242 465
242 468
242 479
242 488
242 491
243 273
243 274
243 278
243 291
243 302
243 322
243 337
243 343
243 347
243 349
243 350
243 354
243 356
243 359
243 363
243 370
243 387
243 397
243 399
243 402
243 410
243 429
243 432
243 444
243 447
243 458
243 464
243 467
243 468
243 469
243 473
243 477
243 479
244 252
244 260
244 282
244 284
244 303
244 307
244 311
244 318
244 331
244 367
244 368
244 370
244 375
244 388
244 396
244 402
244 403
244 425
244 429
244 435
244 449
244 458
244 465
244 489
244 491
244 493
244 499
245 265
245 267
245 279
245 284
245 304
245 310
245 311
245 320
245 321
245 331
245 342
245 345
245 354
245 381
245 383
245 399
245 438
245 443
245 452
245 456
245 462
245 463
245 464
245 479
245 484
245 486
245 490
245 496
246 247
246 248
246 249
246 264
246 268
246 277
246 297
246 299
246 320
246 321
246 340
246 358
246 372
246 374
246 384
246 420
246 421
246 425
246 459
246 469
246 480
246 493
247 262
247 277
247 281
247 307
247 310
247 315
247 346
247 370
247 374
247 379
247 389
247 395
247 396
247 400
247 411
247 423
247 429
247 437
247 454
247 456
247 477
247 482
248 252
248 259
248 272
248 277
248 301
248 304
248 306
248 320
248 321
248 341
248 343
248 361
248 363
248 372
248 377
248 415
248 432
248 434
248 436
248 441
248 469
248 470
248 472
248 481
248 483
248 492
249 257
249 258
249 285
249 303
249 325
249 329
249 337
249 342
249 359
249 370
249 372
249 376
249 394
249 399
249 408
249 428
249 435
249 451
249 459
249 463
249 468
249 472
249 474
249 481
250 253
250 267
250 269
250 271
250 276
250 301
250 304
250 334
250 338
250 341
250 357
250 358
250 359
250 367
250 376
250 380
250 396
250 401
250 415
250 416
250 420
250 438
250 447
250 457
250 459
250 465
250 468
250 473
251 272
251 279
251 284
251 307
251 308
251 309
251 312
251 345
251 356
251 362
251 374
251 377
251 382
251 387
251 389
251 440
251 449
251 450
251 454
251 455
251 476
252 257
252 268
252 276
252 282
252 289
252 296
252 297
252 303
252 304
252 315
252 321
252 326
252 333
252 343
252 353
252 354
252 367
252 368
252 369
252 373
252 376
252 382
252 409
252 429
252 434
252 438
252 452
252 473
252 486
252 488
253 256
253 271
253 293
253 316
253 320
253 334
253 337
253 341
253 344
253 360
253 368
253 400
253 406
253 423
253 450
253 457
253 464
253 466
253 476
253 480
253 493
254 256
254 271
254 300
254 308
254 310
254 315
254 324
254 330
254 333
254 340
254 369
254 372
254 373
254 395
254 396
254 409
254 416
254 424
254 427
254 434
254 436
254 438
254 460
254 464
254 487
254 489
254 496
254 498
255 258
255 296
255 309
255 319
255 341
255 356
255 357
255 358
255 363
255 366
255 368
255 382
255 390
255 401
255 403
255 406
255 408
255 417
255 419
255 423
255 457
255 463
255 476
255 482
255 485
255 489
255 496
256 259
256 264
256 277
256 294
256 299
256 304
256 318
256 322
256 355
256 370
256 373
256 374
256 383
256 400
256 403
256 405
256 412
256 423
256 427
256 434
256 442
256 450
256 471
256 482
256 484
256 490
256 492
256 499
257 259
257 262
257 282
257 291
257 292
257 323
257 331
257 374
257 380
257 389
257 390
257 396
257 404
257 406
257 413
257 415
257 422
257 423
257 428
257 436
257 444
257 448
257 450
257 453
257 464
257 480
257 483
257 488
258 275
258 280
258 297
258 301
258 308
258 336
258 339
258 342
258 349
258 369
258 375
258 396
258 399
258 411
258 422
258 424
258 435
258 437
258 440
258 454
258 458
258 460
258 466
258 493
259 262
259 265
259 268
259 269
259 284
259 297
259 314
259 319
259 349
259 350
259 362
259 370
259 377
259 378
259 385
259 388
259 390
259 394
259 403
259 407
259 493
259 497
259 498
260 261
260 266
260 289
260 309
260 356
260 360
260 364
260 376
260 401
260 436
260 439
260 443
260 449
260 453
260 461
260 462
260 486
261 283
261 292
261 294
261 312
261 330
261 337
261 339
261 343
261 348
261 355
261 365
261 366
261 390
261 393
261 396
261 404
261 419
261 432
261 435
261 438
261 456
261 459
261 461
261 488
261 492
262 270
262 280
262 286
262 324
262 339
262 340
262 355
262 369
262 376
262 382
262 390
262 407
262 426
262 442
262 444
262 447
262 471
262 473
262 489
262 492
263 278
263 285
263 287
263 301
263 304
263 317
263 319
263 325
263 334
263 343
263 348
263 356
263 358
263 359
263 360
263 371
263 375
263 376
263 380
263 397
263 449
263 460
263 475
263 482
263 487
263 494
263 496
264 266
264 274
264 275
264 278
264 279
264 299
264 300
264 317
264 324
264 326
264 331
264 341
264 348
264 353
264 374
264 379
264 383
264 386
264 401
264 408
264 415
264 429
264 441
264 442
264 447
264 456
264 467
264 473
264 475
264 499
265 276
265 281
265 289
265 300
265 309
265 310
265 322
265 323
265 327
265 349
265 354
265 355
265 366
265 398
265 401
265 407
265 431
265 441
265 476
265 481
265 484
266 274
266 286
266 290
266 303
266 314
266 318
266 319
266 327
266 337
266 342
266 350
266 358
266 365
266 368
266 376
266 402
266 410
266 418
266 423
266 430
266 433
266 480
266 491
266 495
266 498
267 271
267 274
267 289
267 294
267 297
267 303
267 311
267 353
267 355
267 359
267 372
267 387
267 405
267 407
267 412
267 433
267 440
267 449
267 453
267 461
267 464
267 468
267 496
268 292
268 293
268 313
268 327
268 328
268 335
268 339
268 364
268 390
268 393
268 396
268 397
268 401
268 404
268 409
268 413
268 428
268 439
268 447
268 457
268 460
268 468
268 477
268 485
268 487
268 491
269 290
269 291
269 299
269 300
269 305
269 307
269 310
269 314
269 318
269 327
269 355
269 356
269 371
269 379
269 386
269 389
269 393
269 405
269 419
269 424
269 426
269 468
269 473
269 483
269 490
270 274
270 317
270 322
270 349
270 358
270 395
270 405
270 417
270 420
270 441
270 443
270 446
270 461
270 469
270 480
270 494
270 495
271 275
271 288
271 292
271 308
271 310
271 323
271 329
271 334
271 338
271 356
271 363
271 372
271 377
271 380
271 386
271 399
271 447
271 452
271 465
271 472
271 483
272 315
272 330
272 332
272 333
272 334
272 337
272 339
272 382
272 386
272 416
272 431
272 451
272 467
273 284
273 285
273 286
273 287
273 295
273 301
273 303
273 316
273 317
273 319
273 322
273 323
273 334
273 347
273 352
273 356
273 360
273 391
273 393
273 415
273 418
273 468
273 470
273 476
273 482
274 277
274 295
274 299
274 311
274 326
274 327
274 336
274 344
274 349
274 350
274 362
274 375
274 401
274 411
274 424
274 437
274 438
274 441
274 452
274 456
274 459
274 478
274 479
274 483
275 317
275 319
275 331
275 353
275 354
275 373
275 389
275 399
275 418
275 421
275 425
275 432
275 433
275 439
275 440
275 452
275 462
275 472
275 474
275 475
275 485
275 489
275 495
276 283
276 296
276 306
276 335
276 353
276 370
276 377
276 392
276 405
276 431
276 437
276 443
276 449
276 459
276 471
276 472
276 477
277 278
277 293
277 301
277 324
277 325
277 326
277 340
277 346
277 356
277 376
277 382
277 383
277 393
277 405
277 416
277 434
277 435
277 470
277 477
277 479
277 495
278 279
278 281
278 290
278 314
278 333
278 344
278 353
278 355
278 372
278 388
278 394
278 436
278 441
278 448
278 462
278 465
278 475
279 284
279 288
279 323
279 329
279 336
279 347
279 352
279 369
279 401
279 414
279 415
279 417
279 425
279 438
279 448
279 461
279 473
279 477
279 479
279 489
279 492
279 496
280 288
280 289
280 295
280 343
280 344
280 380
280 390
280 400
280 404
280 411
280 415
280 424
280 428
280 433
280 437
280 441
280 444
280 450
280 476
280 477
280 478
280 485
280 495
281 283
281 285
281 294
281 297
281 304
281 320
281 321
281 326
281 328
281 330
281 336
281 358
281 365
281 384
281 388
281 395
281 403
281 405
281 411
281 413
281 428
281 441
281 444
281 458
281 471
281 481
281 484
281 486
282 287
282 293
282 295
282 312
282 315
282 337
282 368
282 383
282 388
282 392
282 410
282 441
282 460
282 470
282 477
282 479
282 493
283 285
283 310
283 313
283 314
283 316
283 368
283 375
283 386
283 400
283 403
283 404
283 408
283 418
283 433
283 443
283 450
283 467
283 475
283 479
283 483
284 291
284 315
284 327
284 357
284 380
284 387
284 390
284 392
284 396
284 398
284 402
284 407
284 414
284 417
284 450
284 455
284 459
284 474
284 485
284 486
284 497
285 297
285 298
285 301
285 304
285 307
285 314
285 320
285 324
285 334
285 341
285 346
285 350
285 364
285 394
285 424
285 428
285 429
285 432
285 445
285 454
285 469
285 478
286 310
286 327
286 330
286 332
286 334
286 337
286 345
286 347
286 351
286 352
286 354
286 370
286 376
286 380
286 383
286 390
286 406
286 409
286 420
286 422
286 423
286 424
286 436
286 438
286 476
286 480
286 481
286 486
287 290
287 311
287 314
287 328
287 334
287 346
287 348
287 372
287 381
287 387
287 394
287 395
287 405
287 416
287 426
287 432
287 438
287 442
287 456
287 475
287 488
288 289
288 293
288 294
288 322
288 324
288 328
288 358
288 359
288 365
288 390
288 396
288 414
288 427
288 429
288 470
288 479
288 493
289 293
289 296
289 324
289 326
289 340
289 343
289 350
289 355
289 356
289 369
289 372
289 385
289 389
289 392
289 399
289 404
289 429
289 430
289 434
289 446
289 447
289 448
289 471
289 472
289 481
289 484
289 487
289 488
289 495
290 296
290 301
290 311
290 320
290 329
290 340
290 343
290 344
290 345
290 357
290 359
290 365
290 372
290 375
290 377
290 392
290 395
290 406
290 414
290 415
290 417
290 438
290 441
290 454
290 466
290 469
290 496
291 296
291 310
291 312
291 316
291 325
291 349
291 359
291 366
291 377
291 385
291 393
291 399
291 419
291 427
291 432
291 439
291 451
291 467
291 484
291 488
291 489
292 303
292 305
292 308
292 319
292 328
292 338
292 345
292 370
292 391
292 393
292 446
292 447
292 479
292 481
292 482
292 484
292 497
293 296
293 297
293 326
293 361
293 392
293 393
293 394
293 404
293 410
293 433
293 436
293 438
293 440
293 446
293 447
293 455
293 463
293 489
293 497
294 318
294 335
294 361
294 429
294 466
294 473
294 475
294 479
295 299
295 310
295 333
295 345
295 363
295 382
295 388
295 404
295 421
295 427
295 432
295 438
295 446
295 470
295 489
295 496
296 303
296 319
296 322
296 327
296 355
296 362
296 373
296 383
296 386
296 393
296 411
296 414
296 422
296 438
296 439
296 440
296 449
296 451
296 456
296 479
296 494
297 340
297 352
297 357
297 372
297 378
297 392
297 402
297 409
297 436
297 442
297 487
297 494
297 496
298 331
298 338
298 348
298 402
298 404
298 406
298 418
298 450
298 451
298 468
298 469
298 470
298 474
298 476
298 482
298 495
299 312
299 323
299 326
299 348
299 352
299 370
299 378
299 383
299 387
299 398
299 416
299 423
299 435
299 438
299 459
299 471
299 477
299 479
300 309
300 327
300 342
300 344
300 348
300 356
300 361
300 384
300 387
300 404
300 408
300 418
300 428
300 453
300 468
300 476
300 490
301 314
301 322
301 331
301 358
301 365
301 376
301 403
301 414
301 415
301 421
301 435
301 445
301 449
301 452
301 456
301 463
301 492
301 493
302 314
302 367
302 370
302 375
302 379
302 409
302 410
302 413
302 437
302 440
302 449
302 477
302 478
302 480
302 485
302 490
302 494
303 307
303 309
303 333
303 348
303 349
303 350
303 352
303 354
303 362
303 387
303 396
303 403
303 404
303 408
303 422
303 423
303 426
303 432
303 458
303 462
303 464
303 492
304 312
304 317
304 342
304 354
304 372
304 378
304 387
304 390
304 391
304 397
304 417
304 423
304 428
304 430
304 449
304 461
304 470
304 483
305 309
305 336
305 352
305 353
305 363
305 364
305 383
305 397
305 405
305 422
305 423
305 428
305 438
305 459
305 464
305 472
305 478
305 492
305 495
306 324
306 326
306 336
306 341
306 344
306 347
306 348
306 378
306 394
306 410
306 479
307 332
307 336
307 338
307 339
307 359
307 399
307 411
307 420
307 423
307 424
307 425
307 429
307 440
307 443
307 453
307 454
307 456
307 458
307 460
307 493
308 313
308 326
308 330
308 335
308 373
308 385
308 402
308 418
308 424
308 431
308 449
308 466
308 474
308 479
309 324
309 329
309 350
309 361
309 364
309 372
309 375
309 380
309 387
309 399
309 404
309 408
309 434
309 438
309 440
309 448
309 449
309 450
309 492
310 312
310 334
310 342
310 360
310 365
310 372
310 377
310 380
310 408
310 425
310 430
310 431
310 450
310 458
310 468
310 478
310 490
310 494
311 315
311 348
311 360
311 364
311 375
311 396
311 400
311 402
311 421
311 426
311 428
311 433
311 438
311 442
311 470
311 489
311 491
312 317
312 320
312 322
312 326
312 331
312 334
312 345
312 350
312 351
312 352
312 356
312 358
312 387
312 388
312 409
312 411
312 413
312 452
312 458
312 461
312 464
312 473
312 488
312 492
312 495
313 325
313 328
313 329
313 336
313 341
313 352
313 354
313 356
313 359
313 370
313 374
313 378
313 382
313 394
313 400
313 406
313 417
313 419
313 479
313 495
314 319
314 321
314 361
314 368
314 373
314 391
314 393
314 415
314 417
314 421
314 428
314 453
314 457
314 475
314 484
314 493
315 321
315 325
315 332
315 337
315 338
315 352
315 358
315 360
315 363
315 367
315 372
315 376
315 394
315 400
315 406
315 408
315 428
315 432
315 462
315 478
315 493
316 320
316 330
316 344
316 350
316 354
316 357
316 362
316 365
316 368
316 372
316 373
316 376
316 389
316 393
316 400
316 402
316 405
316 412
316 437
316 438
316 439
316 445
316 475
316 490
316 499
317 319
317 331
317 342
317 354
317 356
317 370
317 381
317 386
317 393
317 398
317 407
317 427
317 429
317 444
317 451
317 473
317 480
317 486
317 490
318 333
318 338
318 357
318 358
318 362
318 376
318 387
318 390
318 393
318 404
318 410
318 419
318 420
318 430
318 453
318 474
318 477
319 322
319 330
319 360
319 399
319 400
319 411
319 412
319 442
319 454
319 479
319 490
319 496
319 498
320 321
320 327
320 329
320 355
320 366
320 368
320 376
320 384
320 390
320 399
320 413
320 416
320 426
320 438
320 453
320 460
320 465
320 472
320 481
320 488
320 497
321 365
321 379
321 400
321 408
321 412
321 416
321 418
321 421
321 443
321 471
321 478
321 489
321 491
321 492
322 324
322 335
322 341
322 347
322 357
322 376
322 383
322 396
322 397
322 399
322 404
322 407
322 408
322 426
322 429
322 459
322 464
323 324
323 330
323 333
323 340
323 344
323 347
323 348
323 354
323 355
323 360
323 375
323 377
323 386
323 393
323 395
323 409
323 410
323 420
323 421
323 422
323 430
323 444
323 453
323 478
323 481
323 496
324 332
324 343
324 356
324 364
324 399
324 412
324 421
324 430
324 438
324 439
324 445
324 457
324 459
324 466
324 487
324 490
324 496
325 334
325 338
325 345
325 348
325 373
325 374
325 381
325 398
325 405
325 413
325 420
325 428
325 434
325 442
325 449
325 452
325 467
325 474
325 476
326 329
326 332
326 333
326 355
326 356
326 369
326 376
326 392
326 404
326 409
326 415
326 416
326 424
326 428
326 431
326 433
326 435
326 438
326 442
326 444
326 450
326 453
326 454
326 469
326 473
326 483
327 335
327 361
327 363
327 378
327 402
327 405
327 419
327 424
327 429
327 465
327 470
327 497
328 337
328 343
328 344
328 348
328 354
328 355
328 359
328 361
328 370
328 375
328 377
328 384
328 386
328 387
328 391
328 393
328 419
328 421
328 422
328 431
328 432
328 442
328 449
328 465
328 470
328 477
328 479
328 488
328 493
328 496
329 333
329 344
329 353
329 354
329 362
329 366
329 367
329 373
329 385
329 437
329 461
329 462
329 463
329 470
329 474
329 487
330 337
330 342
330 343
330 355
330 356
330 368
330 382
330 394
330 414
330 423
330 428
330 432
330 435
330 439
330 477
330 483
330 486
330 489
330 490
330 498
331 333
331 335
331 337
331 344
331 350
331 392
331 393
331 394
331 406
331 412
331 429
331 432
331 436
331 438
331 460
331 485
331 489
332 334
332 342
332 344
332 347
332 351
332 353
332 364
332 378
332 398
332 418
332 437
332 445
332 448
332 460
332 472
332 479
333 335
333 339
333 376
333 388
333 389
333 393
333 413
333 414
333 415
333 423
333 424
333 426
333 428
333 447
333 451
333 452
333 455
333 464
333 479
333 486
333 496
334 363
334 406
334 407
334 428
334 438
334 440
334 442
334 446
334 448
334 451
334 452
334 460
334 463
334 468
334 473
334 484
334 489
335 344
335 355
335 368
335 372
335 375
335 395
335 420
335 421
335 446
335 447
335 459
335 462
335 468
335 491
336 337
336 348
336 349
336 370
336 371
336 400
336 409
336 442
336 447
336 449
336 452
336 458
336 459
336 470
336 473
336 483
337 347
337 369
337 373
337 393
337 398
337 405
337 421
337 426
337 427
337 457
337 470
337 487
337 497
338 367
338 368
338 376
338 393
338 395
338 404
338 414
338 423
338 435
338 443
338 451
338 455
338 482
338 485
338 491
339 346
339 348
339 355
339 357
339 374
339 380
339 382
339 397
339 417
339 423
339 444
339 446
339 450
339 455
339 460
339 463
339 468
339 472
339 480
339 482
339 495
340 342
340 343
340 355
340 370
340 377
340 378
340 382
340 405
340 408
340 421
340 425
340 449
340 451
340 467
340 477
340 490
341 344
341 345
341 357
341 368
341 374
341 381
341 383
341 384
341 389
341 391
341 395
341 405
341 406
341 438
341 439
341 446
341 458
341 462
341 478
341 479
341 483
341 492
341 499
342 348
342 349
342 357
342 374
342 376
342 383
342 384
342 404
342 405
342 409
342 421
342 427
342 431
342 432
342 441
342 453
343 346
343 358
343 367
343 386
343 389
343 391
343 397
343 415
343 427
343 433
343 434
343 439
343 445
343 454
343 460
343 474
343 483
343 488
343 495
344 358
344 380
344 400
344 422
344 432
344 462
344 466
344 467
344 471
344 478
344 486
344 492
344 496
345 347
345 349
345 361
345 365
345 370
345 386
345 391
345 393
345 396
345 402
345 407
345 413
345 417
345 432
345 439
345 441
345 444
345 455
345 470
345 483
345 489
345 497
346 361
346 364
346 368
346 374
346 393
346 402
346 423
346 430
346 445
346 458
346 459
346 463
346 467
346 470
346 471
346 495
347 366
347 399
347 418
347 419
347 440
347 449
347 453
347 458
347 463
347 484
347 485
347 486
347 493
347 496
348 365
348 382
348 385
348 395
348 414
348 415
348 433
348 440
348 441
348 453
348 455
348 479
348 481
348 484
349 355
349 361
349 375
349 379
349 392
349 397
349 403
349 417
349 423
349 424
349 425
349 428
349 447
349 468
349 473
349 490
349 497
349 499
350 364
350 365
350 373
350 379
350 382
350 395
350 405
350 425
350 431
350 435
350 444
350 461
350 471
350 496
351 376
351 381
351 386
351 401
351 442
351 443
351 445
351 448
351 485
351 486
351 491
352 369
352 370
352 374
352 388
352 393
352 408
352 429
352 443
352 444
352 456
352 461
352 472
352 482
353 357
353 358
353 365
353 367
353 387
353 389
353 393
353 411
353 432
353 434
353 454
353 455
353 456
353 462
353 484
354 360
354 381
354 392
354 394
354 409
354 421
354 444
354 447
354 454
354 469
354 482
354 491
355 362
355 365
355 368
355 411
355 427
355 430
355 437
355 446
355 448
355 455
355 458
355 469
355 485
355 497
356 357
356 365
356 374
356 381
356 397
356 399
356 412
356 418
356 429
356 430
356 439
356 445
356 454
356 457
356 460
356 461
356 469
356 499
357 379
357 382
357 390
357 392
357 395
357 398
357 399
357 403
357 407
357 421
357 422
357 426
357 433
357 435
357 437
357 456
357 467
357 471
357 483
358 371
358 380
358 383
358 385
358 391
358 394
358 398
358 399
358 403
358 406
358 417
358 419
358 422
358 432
358 441
358 443
358 449
358 466
358 480
358 484
358 490
359 360
359 387
359 406
359 413
359 420
359 429
359 454
359 470
359 471
359 479
359 480
359 497
360 367
360 372
360 374
360 397
360 403
360 405
360 430
360 433
360 436
360 472
360 480
361 378
361 385
361 417
361 429
361 430
361 432
361 453
361 475
361 484
361 489
361 491
361 496
361 498
362 366
362 377
362 384
362 385
362 408
362 430
362 435
362 436
362 457
362 458
362 459
362 483
362 489
363 377
363 382
363 390
363 393
363 394
363 396
363 398
363 416
363 437
363 442
363 491
363 498
364 374
364 387
364 392
364 398
364 408
364 438
364 449
364 454
364 471
365 371
365 372
365 373
365 381
365 382
365 434
365 463
365 480
365 484
365 487
366 395
366 396
366 398
366 407
366 409
366 427
366 438
366 444
366 470
367 369
367 379
367 387
367 404
367 421
367 426
367 437
367 443
367 473
367 480
367 490
368 386
368 396
368 399
368 418
368 423
368 428
368 429
368 435
368 437
368 445
368 446
368 480
368 492
368 498
369 373
369 390
369 445
369 493
370 377
370 379
370 386
370 390
370 395
370 397
370 401
370 407
370 410
370 419
370 422
370 440
370 446
370 448
370 450
370 458
370 477
370 493
371 376
371 378
371 384
371 387
371 391
371 395
371 402
371 404
371 445
371 455
371 472
371 478
372 374
372 378
372 385
372 388
372 415
372 427
372 429
372 433
372 437
372 442
372 453
372 456
372 478
373 381
373 382
373 385
373 401
373 429
373 431
373 440
373 456
373 462
373 464
373 489
374 378
374 383
374 391
374 398
374 406
374 415
374 416
374 422
374 427
374 428
374 434
374 446
374 460
374 469
374 484
374 495
375 379
375 384
375 388
375 391
375 393
375 407
375 410
375 411
375 413
375 432
375 455
375 456
375 457
375 462
375 466
375 472
375 495
375 496
376 384
376 391
376 397
376 421
376 422
376 424
376 451
376 475
376 484
376 496
376 499
377 383
377 388
377 390
377 393
377 395
377 398
377 406
377 407
377 413
377 418
377 421
377 445
377 447
377 455
377 457
377 471
377 478
377 496
377 497
378 388
378 392
378 393
378 396
378 428
378 441
378 442
378 450
378 456
378 460
378 469
378 471
378 484
378 493
379 397
379 401
379 413
379 419
379 421
379 427
379 437
379 442
379 460
379 461
379 464
379 480
380 397
380 410
380 411
380 423
380 426
380 437
380 443
380 466
380 473
380 476
380 480
380 487
381 390
381 393
381 401
381 413
381 416
381 437
381 452
381 461
381 477
382 386
382 411
382 443
382 450
382 462
382 463
382 464
382 466
383 424
383 427
383 453
383 466
383 470
383 485
383 496
383 498
384 386
384 394
384 406
384 419
384 441
384 472
384 473
384 481
384 484
384 486
385 420
385 428
385 431
385 436
385 437
385 467
385 487
385 496
386 395
386 399
386 416
386 421
386 423
386 431
386 450
386 453
386 459
386 469
386 479
386 485
386 486
386 498
387 425
387 431
387 452
387 456
387 457
387 465
387 467
387 470
387 481
387 484
387 487
387 489
387 490
387 498
388 391
388 419
388 422
388 431
388 434
388 443
388 444
388 448
388 458
388 470
389 390
389 397
389 411
389 415
389 422
389 433
389 437
389 445
389 456
389 460
389 461
389 465
389 482
389 483
390 444
390 445
390 448
390 449
390 450
390 491
390 498
391 394
391 399
391 402
391 408
391 423
391 436
391 440
391 448
391 458
391 469
391 483
391 493
392 402
392 410
392 432
392 449
392 497
393 399
393 420
393 433
393 450
393 453
393 458
393 460
393 462
394 402
394 413
394 416
394 424
394 430
394 450
394 452
394 453
394 455
394 473
395 399
395 415
395 456
395 459
395 462
395 485
395 495
396 420
396 431
396 456
396 459
396 476
396 484
397 412
397 424
397 428
397 454
397 468
397 495
398 399
398 402
398 418
398 424
398 429
398 441
398 453
398 463
398 470
398 471
398 477
398 482
398 497
399 403
399 411
399 432
399 443
399 447
399 450
399 461
399 476
400 416
400 433
400 444
400 447
400 455
400 480
400 492
401 403
401 413
401 415
401 416
401 433
401 434
401 438
401 462
401 486
402 419
402 429
402 472
402 475
402 480
403 406
403 424
403 439
403 446
403 469
403 473
403 483
404 411
404 419
404 421
404 425
404 432
404 449
404 456
404 472
404 480
404 492
405 421
405 430
405 435
405 439
405 467
405 497
406 421
406 441
406 469
406 472
406 496
407 416
407 419
407 422
407 430
407 446
407 451
407 452
407 473
408 409
408 420
408 425
408 457
408 465
408 466
408 468
408 474
408 478
409 448
409 449
409 468
409 490
409 491
409 496
410 418
410 435
410 466
410 470
410 485
411 414
411 418
411 444
411 445
411 458
411 459
411 461
411 472
411 490
411 498
412 419
412 422
412 439
412 445
412 462
412 466
412 470
412 489
413 417
413 425
413 426
413 440
413 444
413 447
413 464
413 467
413 474
413 482
413 483
413 484
414 415
414 426
414 439
414 446
414 456
414 457
414 459
414 461
414 463
414 468
414 470
414 480
414 493
415 419
415 424
415 464
415 468
415 478
416 428
416 429
416 434
416 437
416 442
416 454
416 466
416 474
416 480
416 481
417 424
417 456
417 463
417 464
417 470
417 482
417 486
418 422
418 441
418 446
418 470
418 471
418 492
418 495
419 431
419 439
419 440
419 444
419 465
419 469
419 491
420 427
420 428
420 440
420 443
420 454
420 458
420 469
420 473
420 483
420 488
420 492
420 497
420 499
421 423
421 424
421 425
421 426
421 427
421 430
421 431
421 437
421 442
421 444
421 455
421 470
421 472
421 491
421 499
422 427
422 443
422 458
422 460
422 462
422 474
422 476
422 487
422 494
422 498
423 434
423 453
423 456
423 464
423 479
423 483
423 492
423 499
424 433
424 438
424 476
424 480
425 428
425 431
425 440
425 443
425 444
425 447
425 449
425 459
425 472
425 473
425 490
425 494
425 495
426 427
426 430
426 436
426 450
426 458
426 472
426 486
426 493
426 498
428 429
428 444
428 453
428 455
428 488
429 433
429 444
429 476
429 491
429 497
430 438
430 486
430 487
431 433
431 438
431 454
431 466
431 471
431 473
431 474
431 489
431 498
432 436
432 440
432 463
432 468
432 479
432 488
432 495
432 498
433 436
433 445
433 460
433 463
433 468
433 478
433 480
433 491
433 494
434 449
434 450
434 458
435 437
435 439
435 442
435 443
435 455
435 476
435 482
435 485
435 491
436 448
436 455
436 462
436 476
437 453
437 458
437 459
437 461
437 467
437 474
437 477
437 478
437 491
438 439
438 457
438 463
438 481
438 499
439 442
439 448
439 450
439 482
439 491
440 455
440 465
440 468
440 490
440 491
441 452
441 493
441 494
442 462
442 475
442 479
442 495
442 497
443 461
443 465
444 454
444 456
444 462
444 463
444 473
444 490
444 493
444 494
445 480
445 486
445 497
446 455
446 456
446 458
446 462
446 474
446 480
447 471
447 486
447 492
447 494
447 498
448 457
448 461
448 462
448 468
448 497
449 451
449 460
449 468
449 469
449 482
449 484
449 485
449 487
449 498
450 459
450 475
450 489
450 498
451 461
451 465
451 474
452 453
452 463
452 464
452 467
452 477
452 487
452 498
453 464
453 465
453 467
453 469
453 477
453 497
454 463
454 474
454 482
455 456
455 464
455 466
456 460
456 463
456 467
456 473
457 466
457 467
457 483
457 487
457 495
457 499
458 464
458 470
458 484
459 470
459 490
459 498
460 462
460 464
460 466
460 467
460 490
460 492
461 471
461 483
461 486
461 490
462 465
462 469
462 475
462 490
462 493
463 470
463 472
463 497
464 483
464 490
464 493
464 494
465 468
465 469
465 484
465 492
466 475
466 476
466 480
466 485
466 489
466 496
467 482
467 495
468 472
468 491
469 479
470 478
470 481
470 482
471 482
471 486
472 474
472 475
472 481
472 486
473 484
473 491
474 482
474 484
474 495
475 478
475 483
476 490
476 494
477 478
477 481
477 486
477 490
477 492
478 495
479 481
479 484
479 490
479 495
479 497
479 498
480 494
483 484
483 490
483 491
483 497
484 492
484 499
485 490
486 491
486 499
488 496
489 493
490 491
491 492
491 499
498 499
