100
0 46
0 58
0 89
1 7
1 25
1 33
1 53
2 18
2 24
2 37
2 45
2 76
2 89
2 91
2 92
3 33
3 50
3 61
3 64
3 66
4 15
4 33
4 39
4 45
4 63
4 64
5 25
6 22
6 51
6 59
6 79
7 76
7 87
7 98
8 24
8 56
8 61
8 64
9 21
9 27
9 36
9 38
9 90
10 10
10 17
10 22
10 30
10 42
10 49
10 73
11 61
12 39
12 40
12 54
12 89
13 19
13 54
13 91
14 60
14 65
14 75
15 28
15 45
15 58
16 20
16 25
16 32
16 38
16 49
16 55
16 65
16 73
16 75
17 29
17 40
17 55
17 58
17 84
18 35
18 59
18 64
19 21
19 29
19 48
19 62
19 82
20 66
20 77
21 57
21 75
21 90
22 56
22 57
22 77
23 27
23 31
23 52
23 58
24 45
24 72
24 76
25 96
26 29
26 44
26 59
28 35
28 40
28 64
28 74
28 96
29 72
29 75
29 91
30 96
31 51
31 74
32 67
32 90
33 61
34 55
35 70
36 62
36 68
36 72
36 98
37 40
37 80
38 44
38 60
38 68
38 94
39 58
39 60
40 56
40 57
41 45
41 64
42 51
42 70
42 72
42 92
42 99
43 48
43 72
43 75
44 54
44 57
44 60
45 74
45 81
45 92
45 94
45 95
45 97
46 46
46 62
46 69
46 98
47 68
47 78
47 93
48 85
49 49
49 56
50 50
50 68
50 83
51 94
52 52
52 82
52 85
56 71
56 94
59 76
60 74
60 86
61 63
61 66
62 71
62 97
64 87
64 98
65 84
65 99
66 69
66 89
67 69
67 89
68 73
68 81
68 87
69 96
72 77
72 85
73 76
73 90
74 99
75 85
75 93
76 76
78 84
78 97
80 90
80 96
81 83
81 87
81 89
91 95
94 94
