100
0 5
0 8
0 13
0 37
0 47
0 53
0 59
0 72
0 90
0 99
1 3
1 9
1 12
1 27
1 35
1 55
1 69
1 78
1 92
1 96
2 21
2 26
2 27
2 31
2 40
2 48
2 79
2 89
2 92
2 94
2 95
3 4
3 5
3 10
3 37
3 54
3 58
3 65
3 68
3 70
3 71
3 73
3 80
3 92
4 20
4 29
4 38
4 40
4 44
4 46
4 50
4 67
4 68
4 69
4 84
5 9
5 10
5 14
5 29
5 31
5 35
5 48
5 54
5 60
5 68
6 26
6 29
6 35
6 41
6 42
6 43
6 49
6 58
6 66
6 86
7 8
7 14
7 22
7 25
7 40
7 45
7 51
7 58
7 76
7 84
7 95
8 15
8 33
8 65
8 70
8 71
8 73
9 15
9 21
9 31
9 35
9 37
9 45
9 46
9 48
9 67
9 73
9 78
10 11
10 21
10 24
10 26
10 28
10 33
10 41
10 43
10 51
10 53
10 60
10 66
10 84
10 92
10 94
11 16
11 60
11 61
11 69
11 73
11 77
11 91
12 33
12 52
12 53
12 60
12 67
12 85
12 90
12 92
13 15
13 16
13 31
13 33
13 68
13 91
14 20
14 27
14 31
14 38
14 54
14 57
14 68
14 75
14 80
14 82
14 90
14 91
15 20
15 44
15 47
15 53
15 57
15 60
15 61
15 72
15 74
15 95
16 23
16 34
16 37
16 42
16 43
16 49
16 55
16 66
16 72
16 82
16 90
16 92
17 25
17 33
17 47
17 57
17 58
17 73
17 76
17 94
18 21
18 30
18 32
18 36
18 37
18 54
18 63
18 70
18 78
18 83
18 89
18 95
18 96
19 41
19 49
19 59
19 67
19 68
19 82
20 23
20 28
20 44
20 48
20 83
20 87
20 98
21 28
21 41
21 48
21 51
21 58
21 64
21 77
21 79
21 97
22 23
22 35
22 41
22 52
22 79
22 80
22 94
23 24
23 28
23 38
23 44
23 51
23 55
23 71
23 76
23 82
23 89
23 91
24 27
24 53
24 70
24 79
24 87
24 97
25 27
25 31
25 32
25 41
25 53
25 59
25 65
25 75
25 76
25 83
25 85
25 89
25 96
26 49
26 56
26 58
26 71
26 80
26 86
27 52
27 78
28 38
28 64
28 69
28 89
28 93
29 33
29 42
29 43
29 55
29 78
30 33
30 36
30 52
30 66
30 81
30 97
31 38
31 59
31 83
31 94
31 99
32 37
32 39
33 34
33 35
33 45
33 53
33 57
33 59
33 64
33 74
33 81
33 95
34 82
34 84
34 88
34 90
34 94
35 79
35 80
35 92
35 93
36 42
36 43
36 49
36 99
37 43
37 46
37 47
37 48
37 58
37 73
37 78
37 86
37 90
37 92
38 42
38 45
38 51
38 53
38 57
38 83
38 98
38 99
39 47
39 60
39 73
39 98
40 41
40 53
40 67
40 70
40 91
40 97
40 98
40 99
41 44
41 79
41 85
41 87
41 90
41 96
42 49
42 56
42 71
42 73
42 88
42 94
42 95
43 48
43 57
43 59
43 79
43 86
43 92
44 58
44 61
44 64
44 72
44 99
45 48
45 51
45 73
45 83
45 96
46 58
46 67
46 72
46 74
46 85
46 87
46 88
46 89
46 90
46 91
46 93
47 57
47 64
47 70
47 75
47 85
47 93
48 51
48 65
48 75
48 82
48 90
48 99
49 54
49 73
49 78
49 84
49 99
50 57
50 75
50 76
50 85
50 95
50 97
51 53
51 71
51 82
51 86
52 56
52 76
52 85
52 94
52 99
53 59
53 63
53 77
53 80
53 86
53 89
53 91
53 92
54 63
54 71
54 77
54 94
55 91
56 61
56 70
56 80
56 99
57 66
57 81
57 86
57 94
58 63
58 68
59 85
60 71
60 84
60 85
60 97
61 71
61 76
61 97
62 72
62 79
62 88
62 91
63 65
63 74
63 83
63 98
63 99
64 71
64 73
64 81
64 89
65 82
66 70
66 72
66 84
66 85
66 91
66 93
66 96
66 98
67 79
67 85
67 92
68 69
68 73
68 93
69 76
69 92
69 93
69 96
69 97
70 76
70 83
70 85
70 87
70 91
70 94
70 97
71 76
71 83
72 80
72 82
72 89
72 95
73 85
73 92
73 95
73 96
74 99
75 78
75 83
75 94
76 78
76 92
76 93
77 93
78 84
78 95
79 83
79 88
79 90
80 98
82 89
82 95
83 86
83 87
85 91
85 97
86 90
86 91
86 94
86 96
90 94
91 93
92 95
93 99
94 96
