50
0 4
0 7
0 12
0 36
0 46
1 3
1 9
1 22
1 40
1 49
2 3
2 9
2 12
2 27
2 35
3 8
3 22
3 31
3 45
3 49
4 25
4 30
4 31
4 35
4 44
5 7
5 38
5 48
6 7
6 9
6 10
6 15
6 16
6 21
6 48
7 22
7 26
7 33
7 36
7 38
7 39
7 41
7 48
8 18
8 41
9 9
9 18
9 20
9 24
9 26
9 30
9 47
9 48
9 49
10 24
10 43
10 44
10 48
11 24
11 26
11 30
11 43
11 49
12 17
12 25
13 39
13 42
13 48
14 18
14 19
14 20
14 26
14 35
14 43
15 28
15 42
15 48
16 22
16 25
16 40
16 45
17 18
17 25
17 43
18 19
18 30
18 41
19 28
20 30
20 35
20 36
20 38
21 41
21 47
22 29
22 33
22 35
22 43
22 44
22 46
23 38
23 44
23 49
24 45
25 30
25 33
25 35
25 37
25 42
26 26
26 28
26 36
26 38
26 45
27 28
27 46
28 32
28 34
28 44
30 47
30 48
31 37
31 41
31 45
32 41
34 37
35 41
35 42
35 49
36 42
37 47
38 40
38 42
39 40
39 41
40 46
40 48
45 48
