Iteration 1, current subset of nodes: 2 4 9 15 21 24 28 31 37 38 39 40 41 45 56 57 60 68 74 81 86 92
--------------------

Iteration 2, current subset of nodes: 0 2 4 8 9 11 12 13 15 16 19 21 22 24 28 31 32 33 37 38 39 40 41 42 45 48 50 51 56 57 58 60 61 62 63 64 68 70 71 73 74 75 76 80 81 83 86 87 89 91 92 94 95 96 97 99
--------------------

Iteration 3, current subset of nodes: 0 2 3 4 6 7 8 9 11 12 13 14 15 16 18 19 21 22 23 24 25 26 28 29 31 32 33 36 37 38 39 40 41 42 43 45 46 48 49 50 51 52 56 57 58 60 61 62 63 64 68 70 71 72 73 74 75 76 80 81 83 85 86 87 89 91 92 94 95 96 97 99
--------------------

Iteration 4, current subset of nodes: 0 1 2 3 4 6 7 8 9 10 11 12 13 14 15 16 17 18 19 21 22 23 24 25 26 27 28 29 30 31 32 33 35 36 37 38 39 40 41 42 43 44 45 46 47 48 49 50 51 52 54 55 56 57 58 60 61 62 63 64 65 66 67 68 69 70 71 72 73 74 75 76 77 78 80 81 82 83 85 86 87 89 90 91 92 93 94 95 96 97 98 99
--------------------

Iteration 5, current subset of nodes: 0 1 2 3 4 6 7 8 9 10 11 12 13 14 15 16 17 18 19 20 21 22 23 24 25 26 27 28 29 30 31 32 33 35 36 37 38 39 40 41 42 43 44 45 46 47 48 49 50 51 52 54 55 56 57 58 59 60 61 62 63 64 65 66 67 68 69 70 71 72 73 74 75 76 77 78 80 81 82 83 84 85 86 87 89 90 91 92 93 94 95 96 97 98 99
--------------------

Iteration 6, current subset of nodes: 0 1 2 3 4 5 6 7 8 9 10 11 12 13 14 15 16 17 18 19 20 21 22 23 24 25 26 27 28 29 30 31 32 33 35 36 37 38 39 40 41 42 43 44 45 46 47 48 49 50 51 52 54 55 56 57 58 59 60 61 62 63 64 65 66 67 68 69 70 71 72 73 74 75 76 77 78 80 81 82 83 84 85 86 87 89 90 91 92 93 94 95 96 97 98 99
--------------------

Iteration 7, current subset of nodes: 0 1 2 3 4 5 6 7 8 9 10 11 12 13 14 15 16 17 18 19 20 21 22 23 24 25 26 27 28 29 30 31 32 33 34 35 36 37 38 39 40 41 42 43 44 45 46 47 48 49 50 51 52 53 54 55 56 57 58 59 60 61 62 63 64 65 66 67 68 69 70 71 72 73 74 75 76 77 78 80 81 82 83 84 85 86 87 89 90 91 92 93 94 95 96 97 98 99
--------------------

Iteration 8, current subset of nodes: 0 1 2 3 4 5 6 7 8 9 10 11 12 13 14 15 16 17 18 19 20 21 22 23 24 25 26 27 28 29 30 31 32 33 34 35 36 37 38 39 40 41 42 43 44 45 46 47 48 49 50 51 52 53 54 55 56 57 58 59 60 61 62 63 64 65 66 67 68 69 70 71 72 73 74 75 76 77 78 79 80 81 82 83 84 85 86 87 89 90 91 92 93 94 95 96 97 98 99
--------------------

Iteration 9, current subset of nodes: 0 1 2 3 4 5 6 7 8 9 10 11 12 13 14 15 16 17 18 19 20 21 22 23 24 25 26 27 28 29 30 31 32 33 34 35 36 37 38 39 40 41 42 43 44 45 46 47 48 49 50 51 52 53 54 55 56 57 58 59 60 61 62 63 64 65 66 67 68 69 70 71 72 73 74 75 76 77 78 79 80 81 82 83 84 85 86 87 88 89 90 91 92 93 94 95 96 97 98 99
--------------------

Difusion completed in 9 steps, 0.0261395s.
