Iteration 1, current subset of nodes: 42
--------------------

Iteration 2, current subset of nodes: 42 68
--------------------

Iteration 3, current subset of nodes: 42 68 40
--------------------

Iteration 4, current subset of nodes: 42 68 40 28
--------------------

Iteration 5, current subset of nodes: 42 68 40 28 17
--------------------

Iteration 6, current subset of nodes: 42 68 40 28 17 16
--------------------

Iteration 7, current subset of nodes: 42 68 40 28 17 16 98
--------------------

Iteration 8, current subset of nodes: 42 68 40 28 17 16 98 94
--------------------

Iteration 9, current subset of nodes: 42 68 40 28 17 16 98 94 90
--------------------

Iteration 10, current subset of nodes: 42 68 40 28 17 16 98 94 90 89
--------------------

Iteration 11, current subset of nodes: 42 68 40 28 17 16 98 94 90 89 76
--------------------

Iteration 12, current subset of nodes: 42 68 40 28 17 16 98 94 90 89 76 72
--------------------

Iteration 13, current subset of nodes: 42 68 40 28 17 16 98 94 90 89 76 72 64
--------------------

Iteration 14, current subset of nodes: 42 68 40 28 17 16 98 94 90 89 76 72 64 45
--------------------

Iteration 15, current subset of nodes: 42 68 40 28 17 16 98 94 90 89 76 72 64 45 24
--------------------

Iteration 16, current subset of nodes: 42 68 40 28 17 16 98 94 90 89 76 72 64 45 24 10
--------------------

Iteration 17, current subset of nodes: 42 68 40 28 17 16 98 94 90 89 76 72 64 45 24 10 2
--------------------

Iteration 18, current subset of nodes: 42 68 40 28 17 16 98 94 90 89 76 72 64 45 24 10 2 96
--------------------

Iteration 19, current subset of nodes: 42 68 40 28 17 16 98 94 90 89 76 72 64 45 24 10 2 96 67
--------------------

Iteration 20, current subset of nodes: 42 68 40 28 17 16 98 94 90 89 76 72 64 45 24 10 2 96 67 61
--------------------

Iteration 21, current subset of nodes: 42 68 40 28 17 16 98 94 90 89 76 72 64 45 24 10 2 96 67 61 38
--------------------

Iteration 22, current subset of nodes: 42 68 40 28 17 16 98 94 90 89 76 72 64 45 24 10 2 96 67 61 38 32
--------------------

Iteration 23, current subset of nodes: 42 68 40 28 17 16 98 94 90 89 76 72 64 45 24 10 2 96 67 61 38 32 25
--------------------

Iteration 24, current subset of nodes: 42 68 40 28 17 16 98 94 90 89 76 72 64 45 24 10 2 96 67 61 38 32 25 21
--------------------

Iteration 25, current subset of nodes: 42 68 40 28 17 16 98 94 90 89 76 72 64 45 24 10 2 96 67 61 38 32 25 21 14
--------------------

Iteration 26, current subset of nodes: 42 68 40 28 17 16 98 94 90 89 76 72 64 45 24 10 2 96 67 61 38 32 25 21 14 7
--------------------

Iteration 27, current subset of nodes: 42 68 40 28 17 16 98 94 90 89 76 72 64 45 24 10 2 96 67 61 38 32 25 21 14 7 4
--------------------

Iteration 28, current subset of nodes: 42 68 40 28 17 16 98 94 90 89 76 72 64 45 24 10 2 96 67 61 38 32 25 21 14 7 4 85
--------------------

Iteration 29, current subset of nodes: 42 68 40 28 17 16 98 94 90 89 76 72 64 45 24 10 2 96 67 61 38 32 25 21 14 7 4 85 84
--------------------

Iteration 30, current subset of nodes: 42 68 40 28 17 16 98 94 90 89 76 72 64 45 24 10 2 96 67 61 38 32 25 21 14 7 4 85 84 81
--------------------

Iteration 31, current subset of nodes: 42 68 40 28 17 16 98 94 90 89 76 72 64 45 24 10 2 96 67 61 38 32 25 21 14 7 4 85 84 81 73
--------------------

Iteration 32, current subset of nodes: 42 68 40 28 17 16 98 94 90 89 76 72 64 45 24 10 2 96 67 61 38 32 25 21 14 7 4 85 84 81 73 62
--------------------

Iteration 33, current subset of nodes: 42 68 40 28 17 16 98 94 90 89 76 72 64 45 24 10 2 96 67 61 38 32 25 21 14 7 4 85 84 81 73 62 60
--------------------

Iteration 34, current subset of nodes: 42 68 40 28 17 16 98 94 90 89 76 72 64 45 24 10 2 96 67 61 38 32 25 21 14 7 4 85 84 81 73 62 60 56
--------------------

Iteration 35, current subset of nodes: 42 68 40 28 17 16 98 94 90 89 76 72 64 45 24 10 2 96 67 61 38 32 25 21 14 7 4 85 84 81 73 62 60 56 50
--------------------

Iteration 36, current subset of nodes: 42 68 40 28 17 16 98 94 90 89 76 72 64 45 24 10 2 96 67 61 38 32 25 21 14 7 4 85 84 81 73 62 60 56 50 39
--------------------

Iteration 37, current subset of nodes: 42 68 40 28 17 16 98 94 90 89 76 72 64 45 24 10 2 96 67 61 38 32 25 21 14 7 4 85 84 81 73 62 60 56 50 39 36
--------------------

Iteration 38, current subset of nodes: 42 68 40 28 17 16 98 94 90 89 76 72 64 45 24 10 2 96 67 61 38 32 25 21 14 7 4 85 84 81 73 62 60 56 50 39 36 31
--------------------

Iteration 39, current subset of nodes: 42 68 40 28 17 16 98 94 90 89 76 72 64 45 24 10 2 96 67 61 38 32 25 21 14 7 4 85 84 81 73 62 60 56 50 39 36 31 22
--------------------

Iteration 40, current subset of nodes: 42 68 40 28 17 16 98 94 90 89 76 72 64 45 24 10 2 96 67 61 38 32 25 21 14 7 4 85 84 81 73 62 60 56 50 39 36 31 22 19
--------------------

Iteration 41, current subset of nodes: 42 68 40 28 17 16 98 94 90 89 76 72 64 45 24 10 2 96 67 61 38 32 25 21 14 7 4 85 84 81 73 62 60 56 50 39 36 31 22 19 15
--------------------

Iteration 42, current subset of nodes: 42 68 40 28 17 16 98 94 90 89 76 72 64 45 24 10 2 96 67 61 38 32 25 21 14 7 4 85 84 81 73 62 60 56 50 39 36 31 22 19 15 12
--------------------

Iteration 43, current subset of nodes: 42 68 40 28 17 16 98 94 90 89 76 72 64 45 24 10 2 96 67 61 38 32 25 21 14 7 4 85 84 81 73 62 60 56 50 39 36 31 22 19 15 12 6
--------------------

Iteration 44, current subset of nodes: 42 68 40 28 17 16 98 94 90 89 76 72 64 45 24 10 2 96 67 61 38 32 25 21 14 7 4 85 84 81 73 62 60 56 50 39 36 31 22 19 15 12 6 1
--------------------

Iteration 45, current subset of nodes: 42 68 40 28 17 16 98 94 90 89 76 72 64 45 24 10 2 96 67 61 38 32 25 21 14 7 4 85 84 81 73 62 60 56 50 39 36 31 22 19 15 12 6 1 99
--------------------

Iteration 46, current subset of nodes: 42 68 40 28 17 16 98 94 90 89 76 72 64 45 24 10 2 96 67 61 38 32 25 21 14 7 4 85 84 81 73 62 60 56 50 39 36 31 22 19 15 12 6 1 99 87
--------------------

Iteration 47, current subset of nodes: 42 68 40 28 17 16 98 94 90 89 76 72 64 45 24 10 2 96 67 61 38 32 25 21 14 7 4 85 84 81 73 62 60 56 50 39 36 31 22 19 15 12 6 1 99 87 86
--------------------

Iteration 48, current subset of nodes: 42 68 40 28 17 16 98 94 90 89 76 72 64 45 24 10 2 96 67 61 38 32 25 21 14 7 4 85 84 81 73 62 60 56 50 39 36 31 22 19 15 12 6 1 99 87 86 78
--------------------

Iteration 49, current subset of nodes: 42 68 40 28 17 16 98 94 90 89 76 72 64 45 24 10 2 96 67 61 38 32 25 21 14 7 4 85 84 81 73 62 60 56 50 39 36 31 22 19 15 12 6 1 99 87 86 78 75
--------------------

Iteration 50, current subset of nodes: 42 68 40 28 17 16 98 94 90 89 76 72 64 45 24 10 2 96 67 61 38 32 25 21 14 7 4 85 84 81 73 62 60 56 50 39 36 31 22 19 15 12 6 1 99 87 86 78 75 74
--------------------

Iteration 51, current subset of nodes: 42 68 40 28 17 16 98 94 90 89 76 72 64 45 24 10 2 96 67 61 38 32 25 21 14 7 4 85 84 81 73 62 60 56 50 39 36 31 22 19 15 12 6 1 99 87 86 78 75 74 59
--------------------

Iteration 52, current subset of nodes: 42 68 40 28 17 16 98 94 90 89 76 72 64 45 24 10 2 96 67 61 38 32 25 21 14 7 4 85 84 81 73 62 60 56 50 39 36 31 22 19 15 12 6 1 99 87 86 78 75 74 59 51
--------------------

Iteration 53, current subset of nodes: 42 68 40 28 17 16 98 94 90 89 76 72 64 45 24 10 2 96 67 61 38 32 25 21 14 7 4 85 84 81 73 62 60 56 50 39 36 31 22 19 15 12 6 1 99 87 86 78 75 74 59 51 49
--------------------

Iteration 54, current subset of nodes: 42 68 40 28 17 16 98 94 90 89 76 72 64 45 24 10 2 96 67 61 38 32 25 21 14 7 4 85 84 81 73 62 60 56 50 39 36 31 22 19 15 12 6 1 99 87 86 78 75 74 59 51 49 44
--------------------

Iteration 55, current subset of nodes: 42 68 40 28 17 16 98 94 90 89 76 72 64 45 24 10 2 96 67 61 38 32 25 21 14 7 4 85 84 81 73 62 60 56 50 39 36 31 22 19 15 12 6 1 99 87 86 78 75 74 59 51 49 44 29
--------------------

Iteration 56, current subset of nodes: 42 68 40 28 17 16 98 94 90 89 76 72 64 45 24 10 2 96 67 61 38 32 25 21 14 7 4 85 84 81 73 62 60 56 50 39 36 31 22 19 15 12 6 1 99 87 86 78 75 74 59 51 49 44 29 26
--------------------

Iteration 57, current subset of nodes: 42 68 40 28 17 16 98 94 90 89 76 72 64 45 24 10 2 96 67 61 38 32 25 21 14 7 4 85 84 81 73 62 60 56 50 39 36 31 22 19 15 12 6 1 99 87 86 78 75 74 59 51 49 44 29 26 13
--------------------

Iteration 58, current subset of nodes: 42 68 40 28 17 16 98 94 90 89 76 72 64 45 24 10 2 96 67 61 38 32 25 21 14 7 4 85 84 81 73 62 60 56 50 39 36 31 22 19 15 12 6 1 99 87 86 78 75 74 59 51 49 44 29 26 13 9
--------------------

Iteration 59, current subset of nodes: 42 68 40 28 17 16 98 94 90 89 76 72 64 45 24 10 2 96 67 61 38 32 25 21 14 7 4 85 84 81 73 62 60 56 50 39 36 31 22 19 15 12 6 1 99 87 86 78 75 74 59 51 49 44 29 26 13 9 3
--------------------

Iteration 60, current subset of nodes: 42 68 40 28 17 16 98 94 90 89 76 72 64 45 24 10 2 96 67 61 38 32 25 21 14 7 4 85 84 81 73 62 60 56 50 39 36 31 22 19 15 12 6 1 99 87 86 78 75 74 59 51 49 44 29 26 13 9 3 97
--------------------

Iteration 61, current subset of nodes: 42 68 40 28 17 16 98 94 90 89 76 72 64 45 24 10 2 96 67 61 38 32 25 21 14 7 4 85 84 81 73 62 60 56 50 39 36 31 22 19 15 12 6 1 99 87 86 78 75 74 59 51 49 44 29 26 13 9 3 97 77
--------------------

Iteration 62, current subset of nodes: 42 68 40 28 17 16 98 94 90 89 76 72 64 45 24 10 2 96 67 61 38 32 25 21 14 7 4 85 84 81 73 62 60 56 50 39 36 31 22 19 15 12 6 1 99 87 86 78 75 74 59 51 49 44 29 26 13 9 3 97 77 71
--------------------

Iteration 63, current subset of nodes: 42 68 40 28 17 16 98 94 90 89 76 72 64 45 24 10 2 96 67 61 38 32 25 21 14 7 4 85 84 81 73 62 60 56 50 39 36 31 22 19 15 12 6 1 99 87 86 78 75 74 59 51 49 44 29 26 13 9 3 97 77 71 69
--------------------

Iteration 64, current subset of nodes: 42 68 40 28 17 16 98 94 90 89 76 72 64 45 24 10 2 96 67 61 38 32 25 21 14 7 4 85 84 81 73 62 60 56 50 39 36 31 22 19 15 12 6 1 99 87 86 78 75 74 59 51 49 44 29 26 13 9 3 97 77 71 69 63
--------------------

Iteration 65, current subset of nodes: 42 68 40 28 17 16 98 94 90 89 76 72 64 45 24 10 2 96 67 61 38 32 25 21 14 7 4 85 84 81 73 62 60 56 50 39 36 31 22 19 15 12 6 1 99 87 86 78 75 74 59 51 49 44 29 26 13 9 3 97 77 71 69 63 58
--------------------

Iteration 66, current subset of nodes: 42 68 40 28 17 16 98 94 90 89 76 72 64 45 24 10 2 96 67 61 38 32 25 21 14 7 4 85 84 81 73 62 60 56 50 39 36 31 22 19 15 12 6 1 99 87 86 78 75 74 59 51 49 44 29 26 13 9 3 97 77 71 69 63 58 57
--------------------

Iteration 67, current subset of nodes: 42 68 40 28 17 16 98 94 90 89 76 72 64 45 24 10 2 96 67 61 38 32 25 21 14 7 4 85 84 81 73 62 60 56 50 39 36 31 22 19 15 12 6 1 99 87 86 78 75 74 59 51 49 44 29 26 13 9 3 97 77 71 69 63 58 57 55
--------------------

Iteration 68, current subset of nodes: 42 68 40 28 17 16 98 94 90 89 76 72 64 45 24 10 2 96 67 61 38 32 25 21 14 7 4 85 84 81 73 62 60 56 50 39 36 31 22 19 15 12 6 1 99 87 86 78 75 74 59 51 49 44 29 26 13 9 3 97 77 71 69 63 58 57 55 54
--------------------

Iteration 69, current subset of nodes: 42 68 40 28 17 16 98 94 90 89 76 72 64 45 24 10 2 96 67 61 38 32 25 21 14 7 4 85 84 81 73 62 60 56 50 39 36 31 22 19 15 12 6 1 99 87 86 78 75 74 59 51 49 44 29 26 13 9 3 97 77 71 69 63 58 57 55 54 47
--------------------

Iteration 70, current subset of nodes: 42 68 40 28 17 16 98 94 90 89 76 72 64 45 24 10 2 96 67 61 38 32 25 21 14 7 4 85 84 81 73 62 60 56 50 39 36 31 22 19 15 12 6 1 99 87 86 78 75 74 59 51 49 44 29 26 13 9 3 97 77 71 69 63 58 57 55 54 47 35
--------------------

Iteration 71, current subset of nodes: 42 68 40 28 17 16 98 94 90 89 76 72 64 45 24 10 2 96 67 61 38 32 25 21 14 7 4 85 84 81 73 62 60 56 50 39 36 31 22 19 15 12 6 1 99 87 86 78 75 74 59 51 49 44 29 26 13 9 3 97 77 71 69 63 58 57 55 54 47 35 33
--------------------

Iteration 72, current subset of nodes: 42 68 40 28 17 16 98 94 90 89 76 72 64 45 24 10 2 96 67 61 38 32 25 21 14 7 4 85 84 81 73 62 60 56 50 39 36 31 22 19 15 12 6 1 99 87 86 78 75 74 59 51 49 44 29 26 13 9 3 97 77 71 69 63 58 57 55 54 47 35 33 30
--------------------

Iteration 73, current subset of nodes: 42 68 40 28 17 16 98 94 90 89 76 72 64 45 24 10 2 96 67 61 38 32 25 21 14 7 4 85 84 81 73 62 60 56 50 39 36 31 22 19 15 12 6 1 99 87 86 78 75 74 59 51 49 44 29 26 13 9 3 97 77 71 69 63 58 57 55 54 47 35 33 30 27
--------------------

Iteration 74, current subset of nodes: 42 68 40 28 17 16 98 94 90 89 76 72 64 45 24 10 2 96 67 61 38 32 25 21 14 7 4 85 84 81 73 62 60 56 50 39 36 31 22 19 15 12 6 1 99 87 86 78 75 74 59 51 49 44 29 26 13 9 3 97 77 71 69 63 58 57 55 54 47 35 33 30 27 23
--------------------

Iteration 75, current subset of nodes: 42 68 40 28 17 16 98 94 90 89 76 72 64 45 24 10 2 96 67 61 38 32 25 21 14 7 4 85 84 81 73 62 60 56 50 39 36 31 22 19 15 12 6 1 99 87 86 78 75 74 59 51 49 44 29 26 13 9 3 97 77 71 69 63 58 57 55 54 47 35 33 30 27 23 18
--------------------

Iteration 76, current subset of nodes: 42 68 40 28 17 16 98 94 90 89 76 72 64 45 24 10 2 96 67 61 38 32 25 21 14 7 4 85 84 81 73 62 60 56 50 39 36 31 22 19 15 12 6 1 99 87 86 78 75 74 59 51 49 44 29 26 13 9 3 97 77 71 69 63 58 57 55 54 47 35 33 30 27 23 18 0
--------------------

Iteration 77, current subset of nodes: 42 68 40 28 17 16 98 94 90 89 76 72 64 45 24 10 2 96 67 61 38 32 25 21 14 7 4 85 84 81 73 62 60 56 50 39 36 31 22 19 15 12 6 1 99 87 86 78 75 74 59 51 49 44 29 26 13 9 3 97 77 71 69 63 58 57 55 54 47 35 33 30 27 23 18 0 95
--------------------

Iteration 78, current subset of nodes: 42 68 40 28 17 16 98 94 90 89 76 72 64 45 24 10 2 96 67 61 38 32 25 21 14 7 4 85 84 81 73 62 60 56 50 39 36 31 22 19 15 12 6 1 99 87 86 78 75 74 59 51 49 44 29 26 13 9 3 97 77 71 69 63 58 57 55 54 47 35 33 30 27 23 18 0 95 92
--------------------

Iteration 79, current subset of nodes: 42 68 40 28 17 16 98 94 90 89 76 72 64 45 24 10 2 96 67 61 38 32 25 21 14 7 4 85 84 81 73 62 60 56 50 39 36 31 22 19 15 12 6 1 99 87 86 78 75 74 59 51 49 44 29 26 13 9 3 97 77 71 69 63 58 57 55 54 47 35 33 30 27 23 18 0 95 92 91
--------------------

Iteration 80, current subset of nodes: 42 68 40 28 17 16 98 94 90 89 76 72 64 45 24 10 2 96 67 61 38 32 25 21 14 7 4 85 84 81 73 62 60 56 50 39 36 31 22 19 15 12 6 1 99 87 86 78 75 74 59 51 49 44 29 26 13 9 3 97 77 71 69 63 58 57 55 54 47 35 33 30 27 23 18 0 95 92 91 66
--------------------

Iteration 81, current subset of nodes: 42 68 40 28 17 16 98 94 90 89 76 72 64 45 24 10 2 96 67 61 38 32 25 21 14 7 4 85 84 81 73 62 60 56 50 39 36 31 22 19 15 12 6 1 99 87 86 78 75 74 59 51 49 44 29 26 13 9 3 97 77 71 69 63 58 57 55 54 47 35 33 30 27 23 18 0 95 92 91 66 65
--------------------

Iteration 82, current subset of nodes: 42 68 40 28 17 16 98 94 90 89 76 72 64 45 24 10 2 96 67 61 38 32 25 21 14 7 4 85 84 81 73 62 60 56 50 39 36 31 22 19 15 12 6 1 99 87 86 78 75 74 59 51 49 44 29 26 13 9 3 97 77 71 69 63 58 57 55 54 47 35 33 30 27 23 18 0 95 92 91 66 65 48
--------------------

Iteration 83, current subset of nodes: 42 68 40 28 17 16 98 94 90 89 76 72 64 45 24 10 2 96 67 61 38 32 25 21 14 7 4 85 84 81 73 62 60 56 50 39 36 31 22 19 15 12 6 1 99 87 86 78 75 74 59 51 49 44 29 26 13 9 3 97 77 71 69 63 58 57 55 54 47 35 33 30 27 23 18 0 95 92 91 66 65 48 37
--------------------

Iteration 84, current subset of nodes: 42 68 40 28 17 16 98 94 90 89 76 72 64 45 24 10 2 96 67 61 38 32 25 21 14 7 4 85 84 81 73 62 60 56 50 39 36 31 22 19 15 12 6 1 99 87 86 78 75 74 59 51 49 44 29 26 13 9 3 97 77 71 69 63 58 57 55 54 47 35 33 30 27 23 18 0 95 92 91 66 65 48 37 11
--------------------

Iteration 85, current subset of nodes: 42 68 40 28 17 16 98 94 90 89 76 72 64 45 24 10 2 96 67 61 38 32 25 21 14 7 4 85 84 81 73 62 60 56 50 39 36 31 22 19 15 12 6 1 99 87 86 78 75 74 59 51 49 44 29 26 13 9 3 97 77 71 69 63 58 57 55 54 47 35 33 30 27 23 18 0 95 92 91 66 65 48 37 11 8
--------------------

Iteration 86, current subset of nodes: 42 68 40 28 17 16 98 94 90 89 76 72 64 45 24 10 2 96 67 61 38 32 25 21 14 7 4 85 84 81 73 62 60 56 50 39 36 31 22 19 15 12 6 1 99 87 86 78 75 74 59 51 49 44 29 26 13 9 3 97 77 71 69 63 58 57 55 54 47 35 33 30 27 23 18 0 95 92 91 66 65 48 37 11 8 83
--------------------

Iteration 87, current subset of nodes: 42 68 40 28 17 16 98 94 90 89 76 72 64 45 24 10 2 96 67 61 38 32 25 21 14 7 4 85 84 81 73 62 60 56 50 39 36 31 22 19 15 12 6 1 99 87 86 78 75 74 59 51 49 44 29 26 13 9 3 97 77 71 69 63 58 57 55 54 47 35 33 30 27 23 18 0 95 92 91 66 65 48 37 11 8 83 80
--------------------

Iteration 88, current subset of nodes: 42 68 40 28 17 16 98 94 90 89 76 72 64 45 24 10 2 96 67 61 38 32 25 21 14 7 4 85 84 81 73 62 60 56 50 39 36 31 22 19 15 12 6 1 99 87 86 78 75 74 59 51 49 44 29 26 13 9 3 97 77 71 69 63 58 57 55 54 47 35 33 30 27 23 18 0 95 92 91 66 65 48 37 11 8 83 80 79
--------------------

Iteration 89, current subset of nodes: 42 68 40 28 17 16 98 94 90 89 76 72 64 45 24 10 2 96 67 61 38 32 25 21 14 7 4 85 84 81 73 62 60 56 50 39 36 31 22 19 15 12 6 1 99 87 86 78 75 74 59 51 49 44 29 26 13 9 3 97 77 71 69 63 58 57 55 54 47 35 33 30 27 23 18 0 95 92 91 66 65 48 37 11 8 83 80 79 53
--------------------

Iteration 90, current subset of nodes: 42 68 40 28 17 16 98 94 90 89 76 72 64 45 24 10 2 96 67 61 38 32 25 21 14 7 4 85 84 81 73 62 60 56 50 39 36 31 22 19 15 12 6 1 99 87 86 78 75 74 59 51 49 44 29 26 13 9 3 97 77 71 69 63 58 57 55 54 47 35 33 30 27 23 18 0 95 92 91 66 65 48 37 11 8 83 80 79 53 41
--------------------

Iteration 91, current subset of nodes: 42 68 40 28 17 16 98 94 90 89 76 72 64 45 24 10 2 96 67 61 38 32 25 21 14 7 4 85 84 81 73 62 60 56 50 39 36 31 22 19 15 12 6 1 99 87 86 78 75 74 59 51 49 44 29 26 13 9 3 97 77 71 69 63 58 57 55 54 47 35 33 30 27 23 18 0 95 92 91 66 65 48 37 11 8 83 80 79 53 41 20
--------------------

Iteration 92, current subset of nodes: 42 68 40 28 17 16 98 94 90 89 76 72 64 45 24 10 2 96 67 61 38 32 25 21 14 7 4 85 84 81 73 62 60 56 50 39 36 31 22 19 15 12 6 1 99 87 86 78 75 74 59 51 49 44 29 26 13 9 3 97 77 71 69 63 58 57 55 54 47 35 33 30 27 23 18 0 95 92 91 66 65 48 37 11 8 83 80 79 53 41 20 5
--------------------

Iteration 93, current subset of nodes: 42 68 40 28 17 16 98 94 90 89 76 72 64 45 24 10 2 96 67 61 38 32 25 21 14 7 4 85 84 81 73 62 60 56 50 39 36 31 22 19 15 12 6 1 99 87 86 78 75 74 59 51 49 44 29 26 13 9 3 97 77 71 69 63 58 57 55 54 47 35 33 30 27 23 18 0 95 92 91 66 65 48 37 11 8 83 80 79 53 41 20 5 70
--------------------

Iteration 94, current subset of nodes: 42 68 40 28 17 16 98 94 90 89 76 72 64 45 24 10 2 96 67 61 38 32 25 21 14 7 4 85 84 81 73 62 60 56 50 39 36 31 22 19 15 12 6 1 99 87 86 78 75 74 59 51 49 44 29 26 13 9 3 97 77 71 69 63 58 57 55 54 47 35 33 30 27 23 18 0 95 92 91 66 65 48 37 11 8 83 80 79 53 41 20 5 70 52
--------------------

Iteration 95, current subset of nodes: 42 68 40 28 17 16 98 94 90 89 76 72 64 45 24 10 2 96 67 61 38 32 25 21 14 7 4 85 84 81 73 62 60 56 50 39 36 31 22 19 15 12 6 1 99 87 86 78 75 74 59 51 49 44 29 26 13 9 3 97 77 71 69 63 58 57 55 54 47 35 33 30 27 23 18 0 95 92 91 66 65 48 37 11 8 83 80 79 53 41 20 5 70 52 46
--------------------

Iteration 96, current subset of nodes: 42 68 40 28 17 16 98 94 90 89 76 72 64 45 24 10 2 96 67 61 38 32 25 21 14 7 4 85 84 81 73 62 60 56 50 39 36 31 22 19 15 12 6 1 99 87 86 78 75 74 59 51 49 44 29 26 13 9 3 97 77 71 69 63 58 57 55 54 47 35 33 30 27 23 18 0 95 92 91 66 65 48 37 11 8 83 80 79 53 41 20 5 70 52 46 43
--------------------

Iteration 97, current subset of nodes: 42 68 40 28 17 16 98 94 90 89 76 72 64 45 24 10 2 96 67 61 38 32 25 21 14 7 4 85 84 81 73 62 60 56 50 39 36 31 22 19 15 12 6 1 99 87 86 78 75 74 59 51 49 44 29 26 13 9 3 97 77 71 69 63 58 57 55 54 47 35 33 30 27 23 18 0 95 92 91 66 65 48 37 11 8 83 80 79 53 41 20 5 70 52 46 43 93
--------------------

Iteration 98, current subset of nodes: 42 68 40 28 17 16 98 94 90 89 76 72 64 45 24 10 2 96 67 61 38 32 25 21 14 7 4 85 84 81 73 62 60 56 50 39 36 31 22 19 15 12 6 1 99 87 86 78 75 74 59 51 49 44 29 26 13 9 3 97 77 71 69 63 58 57 55 54 47 35 33 30 27 23 18 0 95 92 91 66 65 48 37 11 8 83 80 79 53 41 20 5 70 52 46 43 93 34
--------------------

Iteration 99, current subset of nodes: 42 68 40 28 17 16 98 94 90 89 76 72 64 45 24 10 2 96 67 61 38 32 25 21 14 7 4 85 84 81 73 62 60 56 50 39 36 31 22 19 15 12 6 1 99 87 86 78 75 74 59 51 49 44 29 26 13 9 3 97 77 71 69 63 58 57 55 54 47 35 33 30 27 23 18 0 95 92 91 66 65 48 37 11 8 83 80 79 53 41 20 5 70 52 46 43 93 34 88
--------------------

Iteration 100, current subset of nodes: 42 68 40 28 17 16 98 94 90 89 76 72 64 45 24 10 2 96 67 61 38 32 25 21 14 7 4 85 84 81 73 62 60 56 50 39 36 31 22 19 15 12 6 1 99 87 86 78 75 74 59 51 49 44 29 26 13 9 3 97 77 71 69 63 58 57 55 54 47 35 33 30 27 23 18 0 95 92 91 66 65 48 37 11 8 83 80 79 53 41 20 5 70 52 46 43 93 34 88 82
--------------------

