Iteration 1, current subset of nodes: 17
--------------------

Iteration 2, current subset of nodes: 17 68
--------------------

Iteration 3, current subset of nodes: 17 68 45
--------------------

Iteration 4, current subset of nodes: 17 68 45 16
--------------------

Iteration 5, current subset of nodes: 17 68 45 16 10
--------------------

Iteration 6, current subset of nodes: 17 68 45 16 10 64
--------------------

Iteration 7, current subset of nodes: 17 68 45 16 10 64 42
--------------------

Iteration 8, current subset of nodes: 17 68 45 16 10 64 42 28
--------------------

Iteration 9, current subset of nodes: 17 68 45 16 10 64 42 28 90
--------------------

Iteration 10, current subset of nodes: 17 68 45 16 10 64 42 28 90 72
--------------------

Iteration 11, current subset of nodes: 17 68 45 16 10 64 42 28 90 72 61
--------------------

Iteration 12, current subset of nodes: 17 68 45 16 10 64 42 28 90 72 61 40
--------------------

Iteration 13, current subset of nodes: 17 68 45 16 10 64 42 28 90 72 61 40 2
--------------------

Iteration 14, current subset of nodes: 17 68 45 16 10 64 42 28 90 72 61 40 2 98
--------------------

Iteration 15, current subset of nodes: 17 68 45 16 10 64 42 28 90 72 61 40 2 98 94
--------------------

Iteration 16, current subset of nodes: 17 68 45 16 10 64 42 28 90 72 61 40 2 98 94 89
--------------------

Iteration 17, current subset of nodes: 17 68 45 16 10 64 42 28 90 72 61 40 2 98 94 89 76
--------------------

Iteration 18, current subset of nodes: 17 68 45 16 10 64 42 28 90 72 61 40 2 98 94 89 76 67
--------------------

Iteration 19, current subset of nodes: 17 68 45 16 10 64 42 28 90 72 61 40 2 98 94 89 76 67 62
--------------------

Iteration 20, current subset of nodes: 17 68 45 16 10 64 42 28 90 72 61 40 2 98 94 89 76 67 62 50
--------------------

Iteration 21, current subset of nodes: 17 68 45 16 10 64 42 28 90 72 61 40 2 98 94 89 76 67 62 50 32
--------------------

Iteration 22, current subset of nodes: 17 68 45 16 10 64 42 28 90 72 61 40 2 98 94 89 76 67 62 50 32 25
--------------------

Iteration 23, current subset of nodes: 17 68 45 16 10 64 42 28 90 72 61 40 2 98 94 89 76 67 62 50 32 25
--------------------

Iteration 24, current subset of nodes: 17 68 45 16 10 64 42 28 90 72 61 40 2 98 94 89 76 67 62 50 32 25 14
--------------------

Iteration 25, current subset of nodes: 17 68 45 16 10 64 42 28 90 72 61 40 2 98 94 89 76 67 62 50 32 25 14 4
--------------------

Iteration 26, current subset of nodes: 17 68 45 16 10 64 42 28 90 72 61 40 2 98 94 89 76 67 62 50 32 25 14 4
--------------------

Iteration 27, current subset of nodes: 17 68 45 16 10 64 42 28 90 72 61 40 2 98 94 89 76 67 62 50 32 25 14 4
--------------------

Iteration 28, current subset of nodes: 17 68 45 16 10 64 42 28 90 72 61 40 2 98 94 89 76 67 62 50 32 25 14 4 85
--------------------

Iteration 29, current subset of nodes: 17 68 45 16 10 64 42 28 90 72 61 40 2 98 94 89 76 67 62 50 32 25 14 4 85 75
--------------------

Iteration 30, current subset of nodes: 17 68 45 16 10 64 42 28 90 72 61 40 2 98 94 89 76 67 62 50 32 25 14 4 85 75 59
--------------------

Iteration 31, current subset of nodes: 17 68 45 16 10 64 42 28 90 72 61 40 2 98 94 89 76 67 62 50 32 25 14 4 85 75 59 56
--------------------

Iteration 32, current subset of nodes: 17 68 45 16 10 64 42 28 90 72 61 40 2 98 94 89 76 67 62 50 32 25 14 4 85 75 59 56
--------------------

Iteration 33, current subset of nodes: 17 68 45 16 10 64 42 28 90 72 61 40 2 98 94 89 76 67 62 50 32 25 14 4 85 75 59 56 44
--------------------

Iteration 34, current subset of nodes: 17 68 45 16 10 64 42 28 90 72 61 40 2 98 94 89 76 67 62 50 32 25 14 4 85 75 59 56 44
--------------------

Iteration 35, current subset of nodes: 17 68 45 16 10 64 42 28 90 72 61 40 2 98 94 89 76 67 62 50 32 25 14 4 85 75 59 56 44
--------------------

Iteration 36, current subset of nodes: 17 68 45 16 10 64 42 28 90 72 61 40 2 98 94 89 76 67 62 50 32 25 14 4 85 75 59 56 44
--------------------

Iteration 37, current subset of nodes: 17 68 45 16 10 64 42 28 90 72 61 40 2 98 94 89 76 67 62 50 32 25 14 4 85 75 59 56 44
--------------------

Iteration 38, current subset of nodes: 17 68 45 16 10 64 42 28 90 72 61 40 2 98 94 89 76 67 62 50 32 25 14 4 85 75 59 56 44
--------------------

Iteration 39, current subset of nodes: 17 68 45 16 10 64 42 28 90 72 61 40 2 98 94 89 76 67 62 50 32 25 14 4 85 75 59 56 44
--------------------

Iteration 40, current subset of nodes: 17 68 45 16 10 64 42 28 90 72 61 40 2 98 94 89 76 67 62 50 32 25 14 4 85 75 59 56 44
--------------------

Iteration 41, current subset of nodes: 17 68 45 16 10 64 42 28 90 72 61 40 2 98 94 89 76 67 62 50 32 25 14 4 85 75 59 56 44
--------------------

Iteration 42, current subset of nodes: 17 68 45 16 10 64 42 28 90 72 61 40 2 98 94 89 76 67 62 50 32 25 14 4 85 75 59 56 44
--------------------

Iteration 43, current subset of nodes: 17 68 45 16 10 64 42 28 90 72 61 40 2 98 94 89 76 67 62 50 32 25 14 4 85 75 59 56 44
--------------------

Iteration 44, current subset of nodes: 17 68 45 16 10 64 42 28 90 72 61 40 2 98 94 89 76 67 62 50 32 25 14 4 85 75 59 56 44
--------------------

Iteration 45, current subset of nodes: 17 68 45 16 10 64 42 28 90 72 61 40 2 98 94 89 76 67 62 50 32 25 14 4 85 75 59 56 44
--------------------

Iteration 46, current subset of nodes: 17 68 45 16 10 64 42 28 90 72 61 40 2 98 94 89 76 67 62 50 32 25 14 4 85 75 59 56 44
--------------------

Iteration 47, current subset of nodes: 17 68 45 16 10 64 42 28 90 72 61 40 2 98 94 89 76 67 62 50 32 25 14 4 85 75 59 56 44
--------------------

Iteration 48, current subset of nodes: 17 68 45 16 10 64 42 28 90 72 61 40 2 98 94 89 76 67 62 50 32 25 14 4 85 75 59 56 44
--------------------

Iteration 49, current subset of nodes: 17 68 45 16 10 64 42 28 90 72 61 40 2 98 94 89 76 67 62 50 32 25 14 4 85 75 59 56 44
--------------------

Iteration 50, current subset of nodes: 17 68 45 16 10 64 42 28 90 72 61 40 2 98 94 89 76 67 62 50 32 25 14 4 85 75 59 56 44
--------------------

Iteration 51, current subset of nodes: 17 68 45 16 10 64 42 28 90 72 61 40 2 98 94 89 76 67 62 50 32 25 14 4 85 75 59 56 44
--------------------

Iteration 52, current subset of nodes: 17 68 45 16 10 64 42 28 90 72 61 40 2 98 94 89 76 67 62 50 32 25 14 4 85 75 59 56 44
--------------------

Iteration 53, current subset of nodes: 17 68 45 16 10 64 42 28 90 72 61 40 2 98 94 89 76 67 62 50 32 25 14 4 85 75 59 56 44
--------------------

Iteration 54, current subset of nodes: 17 68 45 16 10 64 42 28 90 72 61 40 2 98 94 89 76 67 62 50 32 25 14 4 85 75 59 56 44
--------------------

Iteration 55, current subset of nodes: 17 68 45 16 10 64 42 28 90 72 61 40 2 98 94 89 76 67 62 50 32 25 14 4 85 75 59 56 44
--------------------

Iteration 56, current subset of nodes: 17 68 45 16 10 64 42 28 90 72 61 40 2 98 94 89 76 67 62 50 32 25 14 4 85 75 59 56 44
--------------------

Iteration 57, current subset of nodes: 17 68 45 16 10 64 42 28 90 72 61 40 2 98 94 89 76 67 62 50 32 25 14 4 85 75 59 56 44
--------------------

Iteration 58, current subset of nodes: 17 68 45 16 10 64 42 28 90 72 61 40 2 98 94 89 76 67 62 50 32 25 14 4 85 75 59 56 44
--------------------

Iteration 59, current subset of nodes: 17 68 45 16 10 64 42 28 90 72 61 40 2 98 94 89 76 67 62 50 32 25 14 4 85 75 59 56 44
--------------------

Iteration 60, current subset of nodes: 17 68 45 16 10 64 42 28 90 72 61 40 2 98 94 89 76 67 62 50 32 25 14 4 85 75 59 56 44
--------------------

Iteration 61, current subset of nodes: 17 68 45 16 10 64 42 28 90 72 61 40 2 98 94 89 76 67 62 50 32 25 14 4 85 75 59 56 44
--------------------

Iteration 62, current subset of nodes: 17 68 45 16 10 64 42 28 90 72 61 40 2 98 94 89 76 67 62 50 32 25 14 4 85 75 59 56 44
--------------------

Iteration 63, current subset of nodes: 17 68 45 16 10 64 42 28 90 72 61 40 2 98 94 89 76 67 62 50 32 25 14 4 85 75 59 56 44
--------------------

Iteration 64, current subset of nodes: 17 68 45 16 10 64 42 28 90 72 61 40 2 98 94 89 76 67 62 50 32 25 14 4 85 75 59 56 44
--------------------

Iteration 65, current subset of nodes: 17 68 45 16 10 64 42 28 90 72 61 40 2 98 94 89 76 67 62 50 32 25 14 4 85 75 59 56 44
--------------------

Iteration 66, current subset of nodes: 17 68 45 16 10 64 42 28 90 72 61 40 2 98 94 89 76 67 62 50 32 25 14 4 85 75 59 56 44
--------------------

Iteration 67, current subset of nodes: 17 68 45 16 10 64 42 28 90 72 61 40 2 98 94 89 76 67 62 50 32 25 14 4 85 75 59 56 44
--------------------

Iteration 68, current subset of nodes: 17 68 45 16 10 64 42 28 90 72 61 40 2 98 94 89 76 67 62 50 32 25 14 4 85 75 59 56 44
--------------------

Iteration 69, current subset of nodes: 17 68 45 16 10 64 42 28 90 72 61 40 2 98 94 89 76 67 62 50 32 25 14 4 85 75 59 56 44
--------------------

Iteration 70, current subset of nodes: 17 68 45 16 10 64 42 28 90 72 61 40 2 98 94 89 76 67 62 50 32 25 14 4 85 75 59 56 44 52
--------------------

Difusion completed in 70 steps, 0.0831878s.
