100
0 1
0 2
0 3
0 5
0 7
0 8
0 11
0 13
0 14
0 15
0 19
0 22
0 23
0 25
0 27
0 29
0 34
0 35
0 36
0 37
0 38
0 42
0 45
0 47
0 50
0 53
0 54
0 55
0 56
0 57
0 58
0 59
0 60
0 63
0 70
0 72
0 73
0 76
0 78
0 80
0 81
0 83
0 84
0 85
0 86
0 88
0 89
0 90
0 92
0 93
0 94
0 98
0 99
1 3
1 4
1 6
1 7
1 9
1 12
1 13
1 14
1 16
1 17
1 19
1 20
1 27
1 28
1 29
1 30
1 33
1 34
1 35
1 36
1 37
1 38
1 40
1 44
1 49
1 50
1 55
1 60
1 62
1 63
1 64
1 65
1 68
1 69
1 72
1 75
1 76
1 78
1 80
1 81
1 84
1 87
1 89
1 91
1 92
1 96
2 6
2 9
2 17
2 18
2 21
2 24
2 25
2 26
2 27
2 28
2 31
2 34
2 35
2 36
2 37
2 39
2 40
2 42
2 48
2 51
2 58
2 60
2 67
2 70
2 71
2 74
2 78
2 79
2 80
2 81
2 82
2 83
2 84
2 86
2 89
2 90
2 91
2 92
2 93
2 94
2 95
2 96
2 97
2 99
3 4
3 5
3 7
3 8
3 10
3 11
3 12
3 17
3 18
3 20
3 23
3 24
3 29
3 33
3 35
3 37
3 43
3 47
3 48
3 49
3 53
3 54
3 55
3 57
3 58
3 59
3 60
3 61
3 63
3 65
3 68
3 70
3 71
3 73
3 75
3 79
3 80
3 82
3 83
3 84
3 85
3 86
3 87
3 88
3 90
3 91
3 92
3 95
3 98
3 99
4 6
4 11
4 14
4 16
4 17
4 19
4 20
4 23
4 29
4 30
4 31
4 33
4 37
4 38
4 40
4 43
4 44
4 45
4 46
4 47
4 49
4 50
4 51
4 52
4 53
4 56
4 59
4 63
4 65
4 67
4 68
4 69
4 76
4 79
4 80
4 84
4 90
4 91
4 95
4 98
5 6
5 7
5 8
5 9
5 10
5 14
5 15
5 18
5 21
5 23
5 26
5 27
5 29
5 31
5 32
5 33
5 35
5 38
5 40
5 42
5 44
5 48
5 50
5 51
5 54
5 56
5 57
5 58
5 60
5 61
5 64
5 66
5 68
5 70
5 72
5 73
5 74
5 75
5 79
5 80
5 82
5 83
5 84
5 85
5 88
5 92
5 96
5 97
5 98
5 99
6 8
6 9
6 11
6 12
6 14
6 17
6 21
6 22
6 24
6 25
6 26
6 27
6 28
6 29
6 32
6 33
6 35
6 36
6 39
6 40
6 41
6 42
6 43
6 44
6 47
6 48
6 49
6 51
6 56
6 58
6 60
6 66
6 69
6 72
6 73
6 75
6 76
6 77
6 80
6 81
6 83
6 84
6 86
6 89
6 91
6 94
7 8
7 9
7 10
7 12
7 13
7 14
7 17
7 19
7 22
7 23
7 25
7 26
7 27
7 29
7 32
7 33
7 34
7 35
7 36
7 40
7 45
7 46
7 48
7 51
7 56
7 57
7 58
7 59
7 62
7 63
7 65
7 66
7 67
7 69
7 71
7 72
7 74
7 76
7 80
7 82
7 83
7 84
7 85
7 86
7 87
7 89
7 90
7 95
7 96
7 98
7 99
8 9
8 13
8 14
8 15
8 17
8 19
8 21
8 23
8 27
8 31
8 33
8 34
8 36
8 37
8 38
8 39
8 40
8 45
8 47
8 50
8 51
8 53
8 54
8 55
8 59
8 62
8 65
8 67
8 70
8 71
8 72
8 73
8 75
8 76
8 77
8 78
8 86
8 88
8 89
8 92
8 94
8 97
9 11
9 12
9 13
9 14
9 15
9 16
9 17
9 20
9 21
9 22
9 23
9 27
9 28
9 29
9 31
9 35
9 36
9 37
9 40
9 43
9 45
9 46
9 47
9 48
9 49
9 50
9 51
9 52
9 54
9 56
9 58
9 59
9 60
9 61
9 63
9 64
9 65
9 67
9 68
9 70
9 73
9 78
9 80
9 85
9 88
9 89
9 92
9 94
9 97
9 98
9 99
10 11
10 14
10 15
10 16
10 21
10 22
10 24
10 25
10 26
10 27
10 28
10 29
10 31
10 32
10 33
10 34
10 35
10 36
10 40
10 41
10 42
10 43
10 44
10 46
10 48
10 51
10 52
10 53
10 54
10 55
10 56
10 60
10 61
10 64
10 66
10 71
10 72
10 73
10 74
10 75
10 76
10 77
10 80
10 81
10 82
10 83
10 84
10 86
10 87
10 90
10 91
10 92
10 93
10 94
10 95
10 98
11 12
11 13
11 14
11 15
11 16
11 18
11 19
11 20
11 22
11 24
11 25
11 26
11 31
11 32
11 33
11 35
11 37
11 38
11 42
11 44
11 45
11 47
11 50
11 53
11 54
11 56
11 58
11 60
11 61
11 62
11 65
11 66
11 69
11 70
11 73
11 75
11 76
11 77
11 78
11 79
11 80
11 83
11 84
11 85
11 86
11 89
11 90
11 91
11 93
11 95
11 96
11 97
12 13
12 15
12 17
12 19
12 20
12 21
12 26
12 27
12 28
12 29
12 31
12 33
12 36
12 39
12 43
12 44
12 45
12 46
12 47
12 48
12 49
12 52
12 53
12 56
12 58
12 59
12 60
12 61
12 66
12 67
12 68
12 69
12 72
12 76
12 78
12 79
12 84
12 85
12 90
12 92
12 94
12 96
12 98
12 99
13 15
13 16
13 18
13 19
13 20
13 21
13 23
13 25
13 28
13 29
13 30
13 31
13 33
13 34
13 36
13 39
13 43
13 44
13 48
13 50
13 51
13 55
13 59
13 60
13 62
13 64
13 68
13 73
13 74
13 75
13 76
13 77
13 80
13 81
13 84
13 87
13 91
13 96
13 97
13 99
14 18
14 19
14 20
14 21
14 22
14 23
14 24
14 27
14 31
14 33
14 36
14 37
14 38
14 39
14 43
14 49
14 50
14 52
14 54
14 56
14 57
14 58
14 59
14 61
14 62
14 63
14 67
14 68
14 69
14 71
14 72
14 74
14 75
14 79
14 80
14 81
14 82
14 83
14 89
14 90
14 91
14 97
14 99
15 17
15 20
15 23
15 26
15 28
15 29
15 31
15 35
15 37
15 42
15 44
15 46
15 47
15 49
15 51
15 52
15 53
15 55
15 56
15 57
15 58
15 60
15 61
15 65
15 66
15 68
15 70
15 72
15 74
15 77
15 80
15 82
15 84
15 86
15 90
15 91
15 94
15 95
15 98
16 17
16 20
16 23
16 26
16 28
16 29
16 33
16 34
16 36
16 37
16 38
16 40
16 41
16 42
16 43
16 46
16 48
16 49
16 51
16 52
16 53
16 54
16 55
16 58
16 60
16 62
16 63
16 65
16 66
16 70
16 72
16 74
16 75
16 80
16 82
16 83
16 86
16 87
16 89
16 90
16 92
16 97
17 19
17 20
17 21
17 22
17 25
17 28
17 29
17 31
17 33
17 36
17 41
17 42
17 44
17 47
17 49
17 50
17 56
17 57
17 58
17 62
17 63
17 65
17 72
17 73
17 75
17 76
17 78
17 79
17 80
17 82
17 85
17 86
17 88
17 89
17 90
17 91
17 94
17 99
18 20
18 21
18 22
18 23
18 27
18 30
18 31
18 32
18 35
18 36
18 37
18 39
18 40
18 42
18 45
18 46
18 47
18 49
18 50
18 51
18 53
18 54
18 55
18 58
18 59
18 62
18 63
18 67
18 68
18 70
18 72
18 75
18 76
18 78
18 80
18 81
18 82
18 83
18 85
18 86
18 89
18 90
18 95
18 96
19 23
19 25
19 27
19 30
19 31
19 32
19 34
19 36
19 37
19 41
19 44
19 46
19 47
19 49
19 51
19 53
19 54
19 56
19 58
19 59
19 62
19 63
19 65
19 66
19 67
19 68
19 69
19 70
19 71
19 73
19 75
19 76
19 77
19 78
19 79
19 82
19 85
19 88
19 90
19 91
19 93
19 94
19 96
19 99
20 22
20 23
20 25
20 26
20 27
20 28
20 29
20 30
20 37
20 41
20 42
20 44
20 46
20 48
20 49
20 52
20 54
20 59
20 62
20 65
20 66
20 69
20 71
20 75
20 76
20 80
20 81
20 82
20 83
20 87
20 90
20 91
20 94
20 97
20 98
20 99
21 26
21 27
21 28
21 29
21 31
21 36
21 38
21 39
21 41
21 46
21 47
21 48
21 51
21 52
21 55
21 58
21 62
21 64
21 65
21 70
21 72
21 74
21 77
21 79
21 80
21 84
21 86
21 87
21 88
21 90
21 92
21 93
21 94
21 95
21 97
22 23
22 26
22 27
22 29
22 33
22 34
22 35
22 37
22 38
22 41
22 43
22 44
22 49
22 51
22 52
22 54
22 57
22 58
22 60
22 63
22 66
22 67
22 68
22 69
22 70
22 71
22 72
22 73
22 79
22 80
22 82
22 84
22 85
22 86
22 87
22 89
22 90
22 91
22 94
22 98
23 24
23 28
23 29
23 30
23 35
23 38
23 40
23 41
23 43
23 44
23 45
23 48
23 49
23 51
23 53
23 54
23 55
23 56
23 59
23 62
23 63
23 65
23 68
23 71
23 72
23 74
23 76
23 82
23 84
23 86
23 87
23 88
23 89
23 90
23 91
23 92
23 94
23 95
23 96
24 25
24 27
24 29
24 30
24 31
24 33
24 34
24 36
24 37
24 38
24 39
24 40
24 43
24 45
24 47
24 51
24 52
24 53
24 55
24 59
24 60
24 61
24 64
24 65
24 66
24 70
24 72
24 74
24 75
24 77
24 79
24 82
24 84
24 87
24 92
24 94
24 97
24 98
24 99
25 27
25 29
25 30
25 31
25 32
25 33
25 34
25 35
25 38
25 41
25 44
25 45
25 46
25 47
25 50
25 53
25 59
25 60
25 62
25 63
25 65
25 67
25 69
25 71
25 72
25 73
25 75
25 76
25 79
25 80
25 81
25 83
25 85
25 86
25 87
25 89
25 90
25 92
25 95
25 96
25 97
26 28
26 29
26 30
26 33
26 37
26 39
26 40
26 42
26 43
26 47
26 49
26 50
26 52
26 56
26 57
26 58
26 60
26 61
26 63
26 64
26 66
26 67
26 68
26 71
26 72
26 78
26 79
26 80
26 82
26 83
26 85
26 86
26 94
26 96
26 99
27 28
27 29
27 31
27 32
27 40
27 41
27 46
27 52
27 53
27 55
27 56
27 58
27 59
27 60
27 61
27 63
27 64
27 65
27 67
27 71
27 72
27 73
27 75
27 78
27 81
27 82
27 85
27 86
27 88
27 90
27 92
27 93
27 97
28 29
28 31
28 32
28 33
28 37
28 38
28 41
28 43
28 45
28 47
28 53
28 54
28 56
28 57
28 58
28 59
28 63
28 64
28 65
28 67
28 69
28 71
28 73
28 78
28 80
28 81
28 82
28 83
28 84
28 86
28 88
28 89
28 90
28 93
28 94
28 99
29 33
29 34
29 39
29 41
29 42
29 43
29 46
29 47
29 48
29 50
29 55
29 56
29 57
29 60
29 65
29 71
29 72
29 73
29 75
29 77
29 78
29 79
29 80
29 82
29 83
29 84
29 85
29 89
29 92
29 95
29 97
29 98
29 99
30 31
30 33
30 36
30 37
30 41
30 42
30 46
30 49
30 50
30 51
30 52
30 54
30 55
30 58
30 59
30 60
30 61
30 63
30 64
30 66
30 68
30 69
30 70
30 71
30 72
30 76
30 77
30 80
30 81
30 89
30 91
30 94
30 97
30 99
31 33
31 35
31 38
31 41
31 42
31 44
31 45
31 46
31 47
31 52
31 53
31 55
31 56
31 58
31 59
31 61
31 62
31 65
31 69
31 70
31 71
31 73
31 75
31 78
31 80
31 82
31 83
31 86
31 87
31 89
31 91
31 92
31 94
31 96
31 97
31 99
32 35
32 37
32 39
32 40
32 42
32 44
32 48
32 50
32 51
32 52
32 56
32 57
32 60
32 62
32 63
32 67
32 68
32 72
32 73
32 74
32 80
32 82
32 88
32 90
32 94
32 95
32 97
32 98
32 99
33 34
33 35
33 37
33 41
33 42
33 43
33 44
33 45
33 46
33 47
33 49
33 53
33 57
33 59
33 60
33 63
33 64
33 67
33 72
33 74
33 81
33 84
33 86
33 87
33 92
33 93
33 95
34 35
34 39
34 40
34 43
34 44
34 45
34 47
34 48
34 49
34 51
34 52
34 59
34 60
34 61
34 62
34 63
34 66
34 68
34 70
34 71
34 74
34 78
34 79
34 80
34 82
34 83
34 84
34 88
34 89
34 90
34 94
34 96
34 98
34 99
35 36
35 37
35 40
35 42
35 43
35 46
35 53
35 55
35 56
35 57
35 58
35 59
35 60
35 61
35 62
35 64
35 65
35 66
35 68
35 69
35 73
35 74
35 78
35 79
35 80
35 82
35 83
35 88
35 89
35 90
35 91
35 92
35 93
35 94
35 95
35 96
35 98
36 40
36 42
36 43
36 44
36 45
36 47
36 48
36 49
36 50
36 51
36 52
36 53
36 54
36 55
36 57
36 62
36 63
36 64
36 67
36 68
36 69
36 70
36 71
36 76
36 79
36 80
36 82
36 83
36 87
36 88
36 91
36 93
36 95
36 96
36 99
37 39
37 40
37 42
37 43
37 44
37 46
37 47
37 48
37 49
37 50
37 51
37 54
37 55
37 56
37 58
37 59
37 61
37 64
37 65
37 72
37 73
37 74
37 78
37 79
37 80
37 84
37 85
37 86
37 90
37 92
37 93
37 95
37 98
37 99
38 41
38 42
38 43
38 45
38 48
38 49
38 50
38 51
38 52
38 53
38 55
38 57
38 59
38 61
38 65
38 66
38 70
38 71
38 73
38 74
38 77
38 78
38 79
38 82
38 83
38 84
38 85
38 88
38 91
38 93
38 94
38 95
38 97
38 98
38 99
39 40
39 41
39 42
39 44
39 47
39 49
39 52
39 57
39 60
39 62
39 67
39 68
39 69
39 70
39 73
39 75
39 76
39 80
39 81
39 85
39 87
39 90
39 92
39 98
39 99
40 41
40 43
40 44
40 46
40 50
40 51
40 52
40 53
40 55
40 56
40 57
40 58
40 62
40 63
40 65
40 66
40 67
40 68
40 69
40 70
40 73
40 74
40 75
40 79
40 80
40 83
40 88
40 91
40 93
40 97
40 98
40 99
41 43
41 44
41 46
41 47
41 48
41 50
41 51
41 53
41 54
41 62
41 63
41 64
41 65
41 67
41 68
41 71
41 72
41 75
41 79
41 80
41 81
41 84
41 85
41 86
41 87
41 89
41 90
41 91
41 94
41 95
41 96
41 98
42 43
42 45
42 47
42 49
42 51
42 52
42 53
42 56
42 65
42 66
42 67
42 70
42 71
42 72
42 73
42 74
42 77
42 79
42 80
42 82
42 83
42 86
42 88
42 89
42 90
42 93
42 94
42 95
42 97
42 98
43 44
43 48
43 50
43 51
43 52
43 53
43 55
43 56
43 57
43 58
43 59
43 60
43 62
43 63
43 64
43 70
43 74
43 75
43 76
43 79
43 82
43 84
43 86
43 90
43 91
43 92
43 93
43 94
43 95
43 98
44 45
44 48
44 49
44 52
44 53
44 54
44 58
44 59
44 60
44 61
44 63
44 64
44 67
44 72
44 79
44 80
44 83
44 85
44 87
44 88
44 89
44 91
44 94
44 97
44 98
44 99
45 47
45 48
45 50
45 51
45 54
45 57
45 58
45 61
45 63
45 64
45 65
45 68
45 73
45 74
45 75
45 78
45 80
45 82
45 83
45 86
45 87
45 90
45 91
45 94
45 96
45 98
46 47
46 51
46 52
46 53
46 56
46 58
46 61
46 64
46 67
46 70
46 71
46 72
46 74
46 76
46 79
46 80
46 81
46 84
46 85
46 87
46 88
46 89
46 90
46 91
46 93
46 94
46 96
46 97
46 98
47 48
47 50
47 51
47 52
47 53
47 56
47 57
47 58
47 59
47 64
47 68
47 70
47 72
47 74
47 75
47 77
47 79
47 83
47 84
47 85
47 86
47 88
47 89
47 90
47 91
47 92
47 93
47 96
47 97
47 99
48 51
48 55
48 56
48 57
48 58
48 63
48 64
48 65
48 66
48 67
48 69
48 72
48 73
48 74
48 75
48 76
48 77
48 78
48 80
48 82
48 88
48 90
48 92
48 94
48 96
48 99
49 51
49 54
49 56
49 57
49 60
49 62
49 64
49 65
49 70
49 72
49 73
49 77
49 78
49 79
49 82
49 84
49 85
49 87
49 91
49 92
49 93
49 94
49 96
49 99
50 51
50 54
50 55
50 57
50 61
50 64
50 71
50 73
50 75
50 76
50 83
50 84
50 85
50 91
50 95
50 96
50 97
51 53
51 56
51 58
51 59
51 61
51 63
51 64
51 65
51 66
51 70
51 71
51 72
51 73
51 79
51 81
51 82
51 83
51 84
51 86
51 92
51 93
51 95
51 98
51 99
52 54
52 56
52 58
52 61
52 62
52 63
52 67
52 68
52 71
52 74
52 76
52 77
52 78
52 81
52 83
52 85
52 86
52 88
52 90
52 92
52 94
52 98
52 99
53 55
53 56
53 57
53 58
53 59
53 60
53 62
53 63
53 67
53 68
53 70
53 71
53 74
53 77
53 78
53 79
53 80
53 81
53 83
53 84
53 86
53 87
53 88
53 89
53 91
53 92
53 93
53 94
53 95
53 96
53 99
54 57
54 58
54 59
54 63
54 64
54 65
54 70
54 71
54 75
54 77
54 78
54 79
54 82
54 85
54 87
54 90
54 93
54 94
55 56
55 57
55 58
55 59
55 61
55 62
55 63
55 69
55 71
55 72
55 74
55 78
55 79
55 80
55 81
55 84
55 86
55 88
55 90
55 91
55 95
55 97
55 99
56 57
56 59
56 60
56 61
56 63
56 64
56 66
56 70
56 71
56 72
56 73
56 74
56 79
56 80
56 81
56 82
56 88
56 90
56 92
56 93
56 94
56 97
56 99
57 58
57 60
57 61
57 62
57 65
57 66
57 67
57 69
57 70
57 72
57 74
57 75
57 79
57 81
57 82
57 83
57 86
57 87
57 92
57 94
57 97
58 59
58 60
58 62
58 63
58 64
58 66
58 68
58 71
58 74
58 76
58 78
58 79
58 81
58 83
58 84
58 86
58 87
58 88
58 89
58 90
58 92
58 93
58 94
58 95
58 96
58 98
58 99
59 63
59 64
59 65
59 66
59 68
59 70
59 71
59 73
59 78
59 79
59 81
59 82
59 84
59 85
59 86
59 87
59 88
59 91
59 92
59 95
59 96
59 97
59 98
59 99
60 65
60 70
60 71
60 78
60 84
60 85
60 88
60 89
60 91
60 92
60 93
60 95
60 97
61 62
61 64
61 65
61 67
61 68
61 70
61 71
61 73
61 76
61 77
61 79
61 83
61 85
61 86
61 87
61 88
61 89
61 92
61 93
61 95
61 96
61 97
61 98
61 99
62 63
62 64
62 65
62 70
62 72
62 73
62 74
62 78
62 79
62 84
62 86
62 88
62 91
62 98
62 99
63 65
63 74
63 75
63 79
63 83
63 84
63 88
63 90
63 92
63 93
63 94
63 96
63 98
63 99
64 68
64 71
64 72
64 73
64 76
64 77
64 79
64 80
64 81
64 84
64 87
64 88
64 89
64 90
64 92
64 93
64 97
64 98
65 70
65 73
65 74
65 77
65 81
65 82
65 83
65 87
65 88
65 90
65 92
65 93
65 95
65 96
65 97
65 98
65 99
66 67
66 69
66 70
66 72
66 73
66 75
66 77
66 79
66 80
66 81
66 83
66 84
66 85
66 86
66 87
66 88
66 91
66 92
66 93
66 94
66 96
66 97
66 98
67 68
67 70
67 72
67 73
67 74
67 75
67 79
67 83
67 85
67 86
67 87
67 88
67 91
67 92
67 93
67 94
67 95
68 69
68 70
68 72
68 73
68 77
68 78
68 79
68 82
68 85
68 87
68 89
68 90
68 92
68 93
68 95
68 97
69 70
69 76
69 78
69 79
69 81
69 82
69 84
69 85
69 86
69 88
69 92
69 93
69 95
69 96
69 97
69 99
70 76
70 81
70 83
70 85
70 87
70 89
70 91
70 92
70 93
70 94
70 95
70 97
70 99
71 72
71 76
71 77
71 79
71 80
71 82
71 83
71 84
71 85
71 88
71 91
71 94
72 78
72 79
72 80
72 81
72 82
72 87
72 89
72 91
72 95
72 96
72 99
73 75
73 76
73 81
73 83
73 85
73 87
73 89
73 91
73 92
73 93
73 94
73 95
73 96
73 97
74 76
74 78
74 79
74 81
74 82
74 85
74 88
74 89
74 92
74 95
74 96
74 98
74 99
75 77
75 78
75 79
75 81
75 83
75 84
75 85
75 86
75 87
75 88
75 90
75 92
75 93
75 94
76 78
76 80
76 81
76 85
76 88
76 92
76 93
76 94
76 96
76 97
77 78
77 80
77 81
77 82
77 87
77 93
77 94
77 97
77 98
78 79
78 81
78 83
78 84
78 85
78 87
78 89
78 90
78 91
78 92
78 95
78 98
79 83
79 85
79 86
79 88
79 90
79 91
79 92
79 97
80 84
80 85
80 88
80 89
80 91
80 92
80 94
80 96
80 98
81 82
81 85
81 86
81 88
81 92
81 93
81 97
82 84
82 85
82 89
82 90
82 91
82 92
82 94
82 95
82 96
82 97
82 98
83 85
83 86
83 87
83 88
83 89
83 90
83 91
83 93
83 94
83 96
83 97
83 98
83 99
84 86
84 87
84 88
84 93
84 94
84 97
84 98
84 99
85 86
85 87
85 89
85 91
85 92
85 97
85 99
86 87
86 88
86 89
86 90
86 91
86 94
86 96
86 97
86 99
87 90
87 92
87 96
87 99
88 91
88 92
88 95
88 98
89 90
89 91
89 94
89 96
89 99
90 92
90 94
91 92
91 93
91 96
91 99
92 94
92 95
92 97
92 98
92 99
93 94
93 95
93 99
94 95
94 96
94 98
94 99
95 97
96 97
96 98
97 99
